	A1	A2	A3	A4	A5	A6	A7	A8
T1	590	320	890	870	840	680	180	370
T2	480	290	530	240	640	610	560	840
T3	570	680	910	550	730	890	690	240
T4	450	250	330	700	760	680	510	190
T5	790	560	710	920	740	210	760	730
T6	860	610	980	130	250	590	670	940
T7	670	200	260	690	170	960	990	330
T8	530	190	910	270	880	910	360	990
T9	120	250	600	900	260	630	510	100
T10	730	940	570	220	440	480	920	330
T11	750	890	110	390	600	660	650	700
T12	460	860	140	830	950	470	680	880
T13	240	750	100	180	170	490	750	890
T14	980	620	940	750	630	890	670	200
T15	240	370	950	580	540	960	130	760
T16	430	130	660	750	940	610	870	410
T17	690	390	750	960	770	780	250	180
T18	810	240	230	170	370	330	710	400
T19	290	700	740	290	520	460	870	890
T20	670	640	310	650	690	510	120	410
T21	620	920	120	550	550	340	340	410
T22	110	620	890	390	630	180	800	240
T23	480	930	500	720	210	470	440	420
T24	440	860	380	740	600	340	890	830
T25	690	490	440	570	250	480	170	770
T26	960	630	580	830	190	720	580	440
T27	280	990	330	440	650	530	670	470
T28	800	510	510	450	570	300	100	250
T29	130	560	620	520	910	370	770	850
T30	970	760	190	210	100	550	410	340
T31	320	150	590	770	510	110	470	110
T32	370	950	620	900	350	940	820	870
T33	430	120	970	500	540	120	720	480
T34	670	730	830	590	280	740	380	840
T35	550	290	820	630	490	350	890	480
T36	420	140	910	400	270	870	220	770
T37	550	320	280	450	400	540	850	710
T38	140	670	150	810	760	540	210	130
T39	640	280	720	730	500	640	410	880
T40	700	370	180	150	300	290	460	450
T41	740	130	250	250	520	600	370	780
T42	530	630	980	630	230	180	600	830
T43	450	610	400	780	670	220	920	330
T44	330	590	460	720	240	770	940	770
T45	150	270	820	690	730	980	860	200
T46	200	540	710	850	940	710	420	520
T47	860	990	630	150	760	660	950	140
T48	370	710	260	750	300	170	150	980
T49	400	380	960	430	860	920	110	290
T50	230	100	350	220	880	100	840	560
T51	880	960	960	790	200	460	380	850
T52	870	500	310	470	650	550	210	620
T53	670	440	200	500	950	860	190	630
T54	250	690	400	750	930	880	800	700
T55	130	340	870	500	630	470	670	560
T56	100	110	750	140	560	990	840	970
T57	210	960	130	900	840	840	310	130
T58	610	970	690	310	600	250	140	190
T59	770	870	310	130	850	670	180	450
T60	130	440	680	730	610	340	590	770
T61	810	180	440	270	860	120	540	280
T62	740	440	410	540	360	110	560	950
T63	810	780	800	140	870	870	560	370
T64	200	550	890	840	810	570	880	660
T65	470	630	150	980	110	250	210	200
T66	820	530	250	100	250	680	190	420
T67	870	120	540	650	390	910	240	650
T68	440	740	600	530	770	540	400	970
T69	280	850	150	520	160	710	290	900
T70	620	340	310	310	900	320	170	610
T71	690	100	320	530	830	690	660	390
T72	460	850	530	950	560	130	460	360
T73	720	200	600	560	380	640	920	590
T74	520	680	140	290	670	450	920	750
T75	870	780	470	480	990	260	490	340
T76	480	910	110	570	910	790	260	590
T77	180	890	880	180	390	360	550	420
T78	280	420	660	250	120	870	160	640
T79	620	710	540	310	770	630	900	990
T80	670	890	770	980	670	460	360	850
T81	830	390	540	410	620	550	480	430
T82	350	310	570	150	450	190	890	360
T83	620	270	120	260	180	350	120	740
T84	200	220	120	190	760	320	150	160
T85	480	370	320	310	320	240	890	450
T86	340	340	260	790	150	410	410	200
T87	490	470	670	830	880	960	860	340
T88	360	450	210	810	140	150	620	430
T89	240	650	400	400	610	680	370	290
T90	580	550	110	660	640	690	780	290
T91	560	940	530	750	500	520	280	620
T92	760	190	330	960	690	210	270	130
T93	310	470	700	960	640	440	480	390
T94	420	610	270	850	910	830	420	640
T95	640	840	270	190	890	790	280	990
T96	760	520	780	420	790	680	600	320
T97	490	530	650	140	670	630	860	840
T98	640	520	270	790	790	840	870	490
T99	800	840	600	480	790	510	220	190
T100	880	940	350	380	670	840	770	180
T101	100	170	120	870	630	190	660	410
T102	350	690	580	350	850	170	590	790
T103	650	200	520	580	230	800	950	950
T104	840	260	760	330	180	530	310	510
T105	190	110	610	510	630	600	330	180
T106	330	750	400	440	620	340	220	780
T107	150	670	960	220	660	760	590	720
T108	910	170	630	440	140	740	700	690
T109	370	670	910	880	820	680	360	890
T110	670	900	990	290	860	750	850	820
T111	880	630	510	640	360	190	600	400
T112	800	700	240	640	560	230	490	460
T113	100	380	220	340	640	820	130	110
T114	500	800	360	730	450	660	380	380
T115	970	280	950	120	700	560	480	570
T116	880	790	270	240	210	910	530	990
T117	450	510	230	300	170	780	260	800
T118	730	910	280	100	300	140	780	210
T119	420	500	660	590	690	990	440	230
T120	860	780	640	720	720	890	140	890
T121	790	890	320	740	560	980	640	640
T122	400	310	600	850	940	180	690	550
T123	530	430	820	370	200	150	760	620
T124	460	760	160	930	870	350	220	220
T125	100	390	220	960	770	810	920	410
T126	470	940	870	480	820	620	740	730
T127	560	700	810	580	330	770	950	490
T128	530	630	270	430	670	860	150	460
T129	450	800	470	770	420	810	340	810
T130	770	620	130	470	540	590	270	670
T131	220	640	610	340	600	990	170	150
T132	500	540	100	170	350	750	450	720
T133	380	780	310	400	670	280	570	540
T134	980	690	560	770	630	900	330	200
T135	830	820	570	740	640	850	230	570
T136	220	870	460	450	370	390	200	350
T137	250	400	830	330	990	130	830	960
T138	160	980	860	880	670	250	920	310
T139	750	640	390	380	600	460	680	710
T140	170	980	850	620	410	510	570	480
T141	130	510	740	360	460	660	170	700
T142	200	250	560	860	230	820	780	220
T143	400	590	440	990	460	590	350	310
T144	190	800	690	110	200	550	230	760
T145	860	520	310	240	330	550	710	200
T146	840	560	280	240	900	230	650	970
T147	320	750	330	500	480	170	260	780
T148	680	960	160	780	160	380	300	620
T149	430	130	290	780	480	210	550	200
T150	530	700	140	360	930	690	380	720
T151	410	850	620	820	950	440	330	160
T152	300	520	340	560	500	860	290	810
T153	580	560	370	450	540	400	110	870
T154	650	940	670	300	770	120	470	840
T155	820	120	890	780	190	540	630	590
T156	160	650	950	130	670	270	300	550
T157	830	710	380	890	420	490	800	550
T158	650	750	320	360	640	450	150	770
T159	270	790	900	500	590	690	760	610
T160	490	250	390	950	420	210	600	260
T161	190	300	570	380	440	710	890	410
T162	690	320	190	380	650	120	210	260
T163	320	280	450	950	100	270	920	950
T164	320	230	930	520	520	560	670	270
T165	810	120	440	810	530	120	310	800
T166	250	880	400	120	640	340	980	570
T167	340	160	210	710	610	400	510	780
T168	750	800	960	870	170	320	920	310
T169	740	760	420	910	500	170	240	520
T170	690	810	200	460	570	200	350	400
T171	170	260	440	660	890	990	780	680
T172	890	510	520	180	520	990	960	300
T173	700	940	470	120	750	390	220	210
T174	430	140	870	230	970	550	840	310
T175	390	190	700	460	540	350	420	520
T176	700	880	450	480	160	720	800	110
T177	610	660	700	600	790	360	510	830
T178	780	140	920	940	360	550	550	560
T179	150	690	230	360	210	230	200	720
T180	480	740	910	540	130	760	670	970
T181	380	230	850	150	650	740	200	260
T182	700	940	580	310	900	430	990	230
T183	390	320	690	950	130	330	480	560
T184	200	660	820	350	700	480	860	940
T185	260	170	820	470	560	210	390	500
T186	420	920	720	800	510	110	310	360
T187	540	800	640	140	450	170	810	310
T188	720	500	400	190	110	880	750	410
T189	700	530	990	400	650	830	420	400
T190	370	240	630	900	700	180	800	950
T191	650	300	940	340	920	590	550	870
T192	170	790	490	690	860	270	960	900
