	A1	A2	A3	A4	A5	A6	A7	A8	A9	A10	A11	A12
T1	280	480	660	940	490	420	800	900	480	850	160	520
T2	650	420	630	700	670	550	450	860	590	630	350	950
T3	460	240	190	400	770	360	750	370	690	740	960	660
T4	280	750	450	930	290	380	790	550	600	910	970	860
T5	280	340	550	280	380	350	730	420	310	930	130	510
T6	420	190	620	290	370	510	980	500	400	700	670	740
T7	720	900	190	250	830	650	220	630	540	360	900	620
T8	640	390	250	620	330	720	870	760	290	490	260	790
T9	410	920	880	960	180	470	760	410	330	570	630	910
T10	260	640	500	120	230	650	510	460	750	250	450	460
T11	490	330	420	280	570	690	420	730	310	330	310	800
T12	100	710	270	620	720	480	270	550	570	170	490	780
T13	410	770	560	720	190	490	360	510	570	890	170	430
T14	860	930	100	560	390	180	340	550	110	430	620	660
T15	670	910	940	770	190	360	740	170	700	560	610	370
T16	510	890	380	110	850	960	120	120	700	570	480	180
T17	480	850	480	420	150	660	860	430	150	620	210	670
T18	410	780	620	760	370	380	770	700	800	200	390	950
T19	600	970	700	710	710	920	390	920	790	890	900	650
T20	330	670	660	440	970	760	280	640	450	540	580	140
T21	440	390	300	960	900	120	470	370	880	140	560	800
T22	380	320	630	860	330	840	830	390	280	380	690	490
T23	400	910	930	310	970	870	290	850	400	130	290	980
T24	690	650	310	660	150	130	420	570	540	910	630	870
T25	770	490	610	110	420	990	620	430	810	360	900	920
T26	940	390	460	200	630	980	470	610	560	200	240	820
T27	630	910	860	570	220	280	840	470	100	320	130	400
T28	610	620	670	820	120	590	760	460	800	320	130	390
T29	270	280	460	860	300	890	290	850	810	420	580	320
T30	330	810	800	180	400	850	310	320	620	210	460	100
T31	540	700	740	580	260	270	900	390	310	690	750	590
T32	710	290	100	920	630	180	290	820	160	870	490	920
T33	990	400	160	420	770	120	400	660	580	280	820	660
T34	800	290	520	770	150	150	250	320	160	420	730	190
T35	100	530	470	320	350	110	250	220	660	740	870	980
T36	460	780	370	690	420	790	840	130	210	830	170	730
T37	270	430	360	570	610	830	370	260	420	240	130	630
T38	610	860	580	990	760	580	170	360	800	380	730	230
T39	310	710	140	550	450	620	860	740	100	240	850	630
T40	790	100	360	280	130	910	710	560	560	880	640	940
T41	840	710	910	840	140	250	530	800	750	690	660	900
T42	110	250	260	980	900	830	650	660	250	320	420	590
T43	710	610	980	340	720	850	290	800	930	610	590	290
T44	190	990	370	200	820	280	600	670	570	500	150	130
T45	280	250	920	740	840	200	820	980	790	540	600	110
T46	650	600	360	730	710	610	520	690	510	770	970	380
T47	270	990	280	400	300	580	180	350	260	190	410	980
T48	300	410	420	520	550	800	430	370	950	700	860	780
T49	700	540	930	170	940	490	250	860	510	460	330	500
T50	150	480	170	250	190	920	180	760	730	300	200	110
T51	270	790	380	360	800	680	640	130	790	510	720	110
T52	380	360	510	670	190	960	650	850	180	390	830	480
T53	150	670	930	210	270	590	960	230	700	350	890	690
T54	120	670	490	180	540	880	380	710	340	350	450	710
T55	890	550	200	460	840	190	260	830	580	650	940	140
T56	870	240	920	360	870	610	880	690	900	570	330	470
T57	370	450	830	720	990	670	260	630	730	760	730	210
T58	110	810	530	940	550	230	770	330	870	700	140	710
T59	330	160	720	890	620	540	520	570	920	280	250	160
T60	450	350	100	660	510	930	460	350	860	520	820	420
T61	130	640	650	310	430	440	630	270	920	530	470	740
T62	260	690	490	670	690	140	780	640	640	440	390	190
T63	330	820	630	900	800	190	450	370	950	910	860	750
T64	990	250	260	400	340	300	630	110	330	740	580	700
T65	850	860	400	870	870	380	180	700	570	890	750	640
T66	920	780	430	800	620	310	780	460	480	900	460	300
T67	900	820	460	160	490	510	620	350	360	310	860	790
T68	200	490	220	620	170	670	580	500	190	920	160	780
T69	820	300	450	870	760	720	740	580	340	210	320	270
T70	450	960	690	890	710	350	260	100	410	310	170	100
T71	120	940	170	800	230	140	960	210	340	880	410	250
T72	440	950	460	130	280	510	970	970	680	170	860	150
T73	340	510	220	950	250	140	660	830	520	440	530	460
T74	590	990	810	710	360	250	610	860	370	120	720	140
T75	100	430	940	770	980	310	220	290	780	410	690	220
T76	530	540	940	790	460	290	700	850	810	160	640	170
T77	540	620	950	390	960	830	940	320	140	930	290	100
T78	830	870	230	460	750	540	200	740	960	980	950	670
T79	300	840	570	500	180	980	860	560	120	480	260	530
T80	450	540	840	510	720	670	440	520	570	670	840	600
T81	500	270	380	250	380	710	220	500	810	450	480	750
T82	260	380	410	810	800	160	760	890	440	370	290	400
T83	500	510	530	850	310	280	650	900	520	360	230	160
T84	950	780	230	290	950	630	690	820	640	210	690	570
T85	310	260	340	100	500	630	210	800	120	570	710	350
T86	800	470	830	650	440	730	980	260	610	940	260	980
T87	540	770	870	800	180	240	880	370	240	830	580	800
T88	200	990	110	100	750	610	450	660	900	990	830	400
T89	860	960	700	810	490	190	600	830	290	790	780	440
T90	520	590	330	950	310	510	860	430	460	620	310	550
T91	430	210	370	640	170	370	550	800	450	560	570	790
T92	270	760	480	260	260	670	640	870	520	910	960	560
T93	420	800	250	250	770	690	570	770	950	340	900	520
T94	510	600	490	350	140	130	540	130	600	500	250	130
T95	890	570	810	460	630	470	820	550	880	260	500	530
T96	990	520	450	220	320	750	880	200	800	490	770	290
T97	950	280	260	670	450	910	450	730	490	520	910	800
T98	820	320	510	380	240	690	520	680	290	600	170	590
T99	780	420	100	620	120	390	210	280	400	420	580	770
T100	740	900	700	610	580	190	310	570	420	750	360	710
T101	140	540	710	180	380	780	100	220	710	780	590	670
T102	380	670	280	890	530	510	850	350	490	590	500	740
T103	250	290	740	610	420	850	140	540	470	750	460	500
T104	440	900	350	630	710	170	460	350	540	430	380	950
T105	640	970	260	920	700	530	330	680	300	690	840	980
T106	760	480	110	930	270	510	540	990	400	310	570	610
T107	540	130	740	340	730	540	310	140	680	940	500	190
T108	460	580	170	130	900	320	290	800	420	930	100	250
T109	330	870	320	860	700	800	200	380	400	820	120	780
T110	690	120	540	410	360	760	510	460	340	300	100	840
T111	430	870	280	710	870	760	630	280	520	310	720	660
T112	410	340	710	700	870	260	880	920	630	240	730	330
T113	690	440	850	580	670	110	560	790	600	310	710	170
T114	480	610	360	630	890	190	980	110	450	270	100	140
T115	800	970	430	980	470	690	930	270	100	100	410	560
T116	130	260	550	720	550	880	990	430	900	910	260	700
T117	250	850	580	400	590	650	100	640	120	750	200	150
T118	110	730	630	840	350	930	850	920	690	950	870	270
T119	410	870	470	570	150	820	520	660	330	540	970	590
T120	540	630	530	150	890	880	860	760	670	630	770	360
T121	820	260	920	860	290	560	810	850	830	420	830	370
T122	830	890	140	940	600	720	750	850	600	610	130	950
T123	490	480	410	990	920	810	520	590	730	630	840	670
T124	460	570	190	440	130	920	180	600	280	770	560	560
T125	650	620	690	880	840	670	950	960	870	590	500	960
T126	820	510	890	990	990	760	400	440	400	690	880	450
T127	710	280	730	690	270	270	700	430	560	250	720	630
T128	960	610	960	720	270	980	300	770	250	670	770	530
T129	570	140	280	700	330	140	970	640	200	630	820	700
T130	440	580	210	580	760	980	140	160	680	340	250	910
T131	320	540	160	390	870	330	860	630	760	260	280	540
T132	850	390	180	860	720	450	170	630	200	480	250	890
T133	660	500	710	260	110	110	480	630	270	910	980	250
T134	720	620	110	660	830	800	630	700	740	420	520	830
T135	590	370	710	850	710	440	940	800	740	140	610	400
T136	380	420	350	930	740	820	560	570	320	600	970	520
T137	360	580	450	660	590	400	520	350	670	490	490	940
T138	620	710	730	470	740	100	720	600	650	760	910	760
T139	670	220	160	570	700	780	170	370	580	150	820	800
T140	490	340	390	980	120	100	460	440	120	200	190	390
T141	300	570	680	740	240	530	890	860	110	810	610	690
T142	870	360	720	660	750	940	650	100	200	160	130	180
T143	570	190	610	980	180	320	300	930	910	590	930	470
T144	520	740	920	480	610	820	290	330	490	360	910	610
T145	350	300	950	390	440	700	150	800	220	130	500	350
T146	450	830	210	340	630	610	810	990	760	270	790	250
T147	640	430	710	480	840	880	920	450	810	560	560	680
T148	480	880	130	360	290	290	880	610	330	650	220	380
T149	310	180	320	200	980	980	370	980	900	900	170	550
T150	740	700	800	200	230	560	910	530	850	820	230	990
T151	530	260	170	590	740	710	970	730	860	950	480	800
T152	900	540	620	940	510	450	860	960	460	910	190	860
T153	490	650	700	130	930	510	590	720	270	720	560	500
T154	800	440	830	640	520	550	900	780	360	340	910	510
T155	700	530	440	740	780	320	250	550	310	380	420	850
T156	470	630	170	370	540	800	740	800	610	980	340	570
T157	270	780	290	410	810	740	200	950	460	850	700	550
T158	270	570	910	720	910	970	960	300	150	760	300	160
T159	980	140	630	380	720	520	260	450	440	870	730	530
T160	180	460	760	810	520	180	970	290	180	400	560	400
T161	690	240	660	120	990	570	770	550	130	500	590	760
T162	150	500	870	750	690	360	390	880	860	220	190	610
T163	150	410	620	770	620	990	750	660	440	370	680	960
T164	530	530	250	860	960	740	710	130	730	110	990	580
T165	710	430	650	440	640	430	220	510	250	250	730	210
T166	810	130	730	230	390	610	760	680	170	990	700	990
T167	130	850	250	820	570	110	210	780	560	800	980	570
T168	330	180	730	530	540	770	940	610	220	580	480	290
T169	380	490	350	880	700	370	380	910	130	510	970	140
T170	520	970	330	350	860	390	180	320	470	370	880	170
T171	570	430	100	660	240	400	670	950	380	700	670	440
T172	680	820	590	440	150	980	440	580	660	130	760	650
T173	400	630	960	250	830	750	900	360	370	910	910	730
T174	990	250	120	970	850	450	210	630	340	160	210	730
T175	110	170	730	900	960	340	380	900	800	720	370	260
T176	600	510	160	900	800	530	600	400	130	850	470	200
T177	380	670	710	210	820	230	320	780	770	820	480	770
T178	650	730	890	960	340	880	520	350	770	190	330	950
T179	850	610	820	920	910	460	280	490	360	740	340	980
T180	580	500	590	590	310	590	560	260	450	630	630	440
T181	350	870	790	410	990	220	790	980	830	830	580	780
T182	860	600	620	670	100	490	210	600	660	900	150	270
T183	320	410	610	550	450	930	480	970	350	290	290	360
T184	900	850	370	850	420	890	740	760	700	390	710	140
T185	700	620	940	640	380	290	580	930	670	930	360	960
T186	820	520	160	460	870	250	340	440	330	120	600	830
T187	500	650	780	540	570	120	520	510	510	970	920	130
T188	410	970	640	740	230	540	420	450	670	320	420	360
T189	850	750	660	890	340	170	670	750	470	280	990	640
T190	490	270	840	290	640	550	670	530	490	900	370	660
T191	170	620	410	640	880	600	460	280	620	170	270	250
T192	680	600	200	770	310	720	460	540	970	620	920	970
