	A1	A2	A3	A4	A5	A6	A7	A8	A9	A10	A11	A12	A13	A14
T1	450	880	390	760	560	140	430	590	750	430	360	120	140	950
T2	510	730	500	780	620	880	270	370	850	570	230	730	660	850
T3	150	820	120	600	670	290	620	700	120	240	180	770	250	780
T4	910	440	280	720	710	180	910	150	510	920	600	840	740	890
T5	750	370	760	950	570	880	630	220	460	280	220	450	270	810
T6	120	820	680	260	720	360	330	310	990	510	650	620	490	670
T7	320	630	550	910	590	440	200	290	270	180	710	370	780	360
T8	550	730	160	530	640	200	100	560	610	310	690	490	850	250
T9	550	150	840	340	270	970	170	420	800	480	970	610	620	920
T10	360	100	600	160	740	720	540	220	620	610	510	400	910	120
T11	260	670	660	640	680	730	320	230	730	580	630	140	640	450
T12	570	910	520	540	530	130	320	400	180	590	210	350	650	160
T13	610	960	910	890	660	790	640	290	460	410	940	500	380	570
T14	720	780	910	250	680	710	760	220	170	690	710	920	110	290
T15	320	520	470	110	140	350	800	540	510	520	890	390	330	430
T16	440	990	200	890	940	380	590	310	320	670	340	520	900	720
T17	440	790	560	780	420	320	260	840	230	910	660	740	230	870
T18	840	550	440	980	540	580	750	930	860	160	130	560	450	100
T19	120	550	610	700	340	580	380	830	960	650	480	600	720	690
T20	320	260	350	480	650	120	230	820	770	490	840	560	430	860
T21	300	300	290	750	460	660	370	590	750	760	640	220	810	280
T22	290	880	520	230	760	800	620	910	880	140	640	630	170	740
T23	550	220	240	140	670	660	190	160	280	310	330	570	470	330
T24	340	590	590	460	380	380	360	810	100	620	480	180	150	390
T25	600	400	590	300	850	770	580	960	530	680	100	190	750	720
T26	360	160	150	470	780	360	690	530	770	990	180	650	340	660
T27	760	630	630	480	910	990	100	390	770	870	940	470	390	890
T28	420	290	220	520	720	480	990	280	580	990	740	930	850	160
T29	330	300	650	820	350	700	360	120	510	920	620	660	150	400
T30	350	950	350	740	860	160	210	400	400	210	850	430	580	520
T31	500	630	370	820	110	110	600	640	310	410	760	650	710	670
T32	160	400	240	970	120	930	270	640	660	200	410	890	560	660
T33	510	660	510	930	950	110	880	420	520	290	370	270	110	390
T34	460	630	610	860	700	940	920	950	380	760	920	930	230	690
T35	150	490	640	330	560	710	270	780	790	170	100	610	170	370
T36	790	560	570	470	700	740	290	680	460	460	680	660	800	290
T37	410	200	460	800	190	630	770	470	230	220	600	740	280	680
T38	770	880	940	770	190	780	660	820	660	270	180	270	520	960
T39	810	430	560	740	700	680	920	640	290	730	150	830	190	630
T40	340	810	230	270	780	840	950	130	370	990	710	500	110	380
T41	560	630	910	300	210	190	250	810	640	940	990	320	620	910
T42	200	610	610	240	750	320	780	570	530	410	630	340	420	290
T43	770	940	360	880	170	450	900	490	910	200	510	710	990	240
T44	280	850	530	330	220	250	220	120	150	950	600	990	920	950
T45	850	350	240	980	940	470	720	290	250	680	480	390	570	320
T46	750	330	170	660	110	570	270	640	610	330	750	330	890	600
T47	870	310	770	160	660	880	600	200	690	570	190	630	980	950
T48	160	480	640	280	120	910	220	440	600	280	150	980	880	740
T49	620	470	480	700	600	890	490	290	500	940	940	450	450	710
T50	300	230	730	430	160	960	130	700	460	670	230	120	520	640
T51	900	590	600	560	890	110	610	390	410	720	660	790	930	250
T52	420	200	440	890	240	780	510	310	660	260	590	490	640	120
T53	440	550	960	440	420	640	290	890	530	110	280	920	530	450
T54	800	530	150	270	590	650	860	420	200	870	760	130	810	910
T55	910	950	300	850	530	940	350	950	370	950	450	720	120	680
T56	300	580	260	920	420	140	560	630	950	440	190	720	290	270
T57	420	520	620	980	560	350	790	270	670	790	390	920	100	280
T58	730	660	960	940	920	600	670	120	560	990	550	200	610	750
T59	540	870	950	670	650	160	910	410	760	330	670	990	800	250
T60	730	410	170	570	660	930	950	820	860	100	660	380	410	300
T61	990	910	930	700	510	880	190	440	270	630	830	360	350	330
T62	810	120	610	580	550	450	390	100	230	290	410	680	620	100
T63	480	850	610	120	350	350	960	750	980	670	150	910	430	570
T64	380	600	340	690	470	170	860	150	660	200	810	440	430	770
T65	950	180	120	890	510	350	480	780	530	580	800	360	360	140
T66	550	820	220	100	270	820	510	490	490	490	780	640	250	880
T67	320	650	880	560	490	700	910	200	840	560	540	570	980	320
T68	740	310	140	990	630	690	240	180	920	610	900	610	630	770
T69	800	750	720	600	910	710	480	880	920	740	690	750	260	530
T70	980	300	800	930	880	950	970	670	980	370	500	660	240	930
T71	960	530	520	790	830	370	530	770	130	720	280	520	690	970
T72	330	930	570	180	920	200	510	860	550	840	700	860	390	910
T73	430	370	710	510	640	400	240	360	710	550	970	940	700	740
T74	300	890	110	450	470	950	710	570	410	160	200	380	710	750
T75	440	290	600	360	170	710	300	490	260	660	510	930	340	530
T76	210	450	740	720	950	540	210	590	780	130	470	600	530	330
T77	150	980	380	820	570	240	150	540	970	660	630	510	210	340
T78	110	580	160	330	310	720	260	190	230	320	630	860	490	110
T79	540	470	180	190	220	520	690	440	700	410	230	180	250	180
T80	710	830	540	840	360	310	400	590	480	650	840	290	710	420
T81	580	220	110	670	390	880	900	910	720	550	190	300	460	590
T82	210	630	170	270	990	610	910	530	160	210	440	900	830	220
T83	860	750	620	610	790	570	220	460	710	260	780	490	240	570
T84	370	370	440	120	360	690	640	460	820	980	880	150	120	850
T85	780	830	410	970	170	400	530	630	160	740	210	280	100	420
T86	140	760	210	250	460	520	860	190	800	420	770	470	230	840
T87	110	460	950	830	820	300	640	550	730	600	900	700	540	850
T88	500	260	890	330	380	760	710	760	280	120	160	350	670	940
T89	650	800	960	770	520	240	940	610	920	860	320	800	250	820
T90	730	790	620	490	360	950	460	100	850	850	640	790	540	910
T91	480	930	460	480	700	520	400	360	830	470	810	960	190	870
T92	430	520	500	880	300	440	160	430	330	610	830	210	220	400
T93	480	170	690	640	880	580	580	230	840	850	900	500	310	710
T94	420	700	530	180	140	260	660	170	960	560	130	750	360	140
T95	780	800	420	940	840	190	530	880	670	910	170	130	640	380
T96	920	790	370	510	650	980	560	600	500	870	290	130	160	640
T97	420	650	220	410	840	960	260	440	730	240	280	390	350	920
T98	600	960	470	470	900	570	440	370	690	360	100	410	300	500
T99	180	920	980	310	960	570	390	610	150	770	110	300	640	820
T100	710	770	410	460	300	700	630	300	330	390	910	630	820	200
T101	910	130	160	920	340	660	140	100	430	880	950	310	280	950
T102	930	320	640	390	940	470	400	810	140	920	980	430	300	680
T103	370	390	280	920	470	850	460	720	770	340	920	640	270	320
T104	840	310	770	120	130	200	580	810	620	630	510	690	280	660
T105	880	850	930	650	860	850	940	440	480	920	260	530	890	320
T106	490	570	380	250	590	870	610	830	180	220	990	230	500	730
T107	720	640	820	560	410	520	660	530	530	780	900	880	400	790
T108	900	620	530	960	310	320	900	170	260	930	320	550	400	100
T109	800	420	270	260	880	850	900	430	110	720	410	440	760	740
T110	810	640	570	520	570	220	700	860	390	850	670	220	470	430
T111	850	760	320	160	630	220	550	480	790	980	100	650	220	360
T112	790	720	920	630	600	690	670	800	700	610	160	550	210	720
T113	310	520	700	590	110	630	720	510	710	130	160	140	860	260
T114	180	910	270	960	170	950	300	860	830	720	110	750	460	190
T115	800	490	900	540	540	950	260	570	180	150	300	280	500	340
T116	570	510	970	730	950	920	880	830	430	240	240	660	710	560
T117	300	200	830	560	800	920	780	330	730	210	950	420	880	970
T118	810	920	280	810	790	820	880	690	300	980	240	830	280	700
T119	600	280	750	330	640	140	820	490	680	940	230	470	670	570
T120	110	720	170	680	770	670	420	780	180	330	490	900	890	740
T121	330	960	800	330	920	810	940	790	250	520	120	320	180	630
T122	470	470	600	790	340	460	700	710	790	480	410	520	100	980
T123	450	680	830	570	190	490	570	360	220	800	340	630	590	950
T124	520	920	950	130	700	100	500	420	470	720	530	450	280	780
T125	540	750	560	140	950	710	940	700	130	910	760	730	160	990
T126	850	260	180	440	390	860	450	310	910	410	930	150	450	400
T127	390	650	910	890	650	550	240	160	720	660	500	560	920	920
T128	450	740	590	300	780	790	960	340	560	300	300	120	120	340
T129	600	790	540	150	310	950	760	700	520	160	200	870	610	140
T130	860	860	240	850	960	710	410	570	160	630	110	920	330	510
T131	790	980	570	850	130	340	390	460	310	590	710	990	930	360
T132	270	190	440	550	530	380	860	830	170	510	440	880	120	510
T133	470	960	580	570	590	300	850	340	700	280	100	340	950	920
T134	300	790	120	260	550	870	220	930	600	260	190	610	670	460
T135	120	460	270	320	520	310	530	380	100	610	950	370	440	190
T136	270	260	490	720	570	650	390	250	200	800	480	190	190	850
T137	240	840	310	700	870	840	170	240	680	900	690	650	520	740
T138	870	100	410	580	380	950	190	340	720	470	440	220	140	980
T139	460	710	350	790	550	550	830	200	960	980	690	540	990	710
T140	920	720	430	810	640	530	760	960	170	630	240	860	700	670
T141	380	410	980	590	550	480	310	130	420	940	400	110	480	630
T142	250	200	190	680	600	180	990	740	240	600	420	940	600	740
T143	710	370	270	740	770	520	300	160	820	300	570	530	100	310
T144	180	100	140	840	360	800	290	720	520	220	810	510	310	260
T145	270	610	440	240	960	400	890	240	480	190	710	660	270	330
T146	600	810	300	160	530	920	260	850	990	970	850	180	450	440
T147	570	790	830	740	350	950	970	930	360	860	450	140	800	780
T148	110	350	960	490	690	590	180	120	670	980	190	880	820	390
T149	680	840	390	600	750	540	520	450	820	330	690	800	330	880
T150	480	510	230	610	660	610	440	730	420	680	210	520	800	280
T151	970	100	100	680	780	910	910	770	580	390	100	750	680	250
T152	840	980	210	560	410	340	430	480	150	740	930	800	340	210
T153	310	860	140	180	620	370	190	920	560	110	760	810	690	780
T154	730	330	100	940	180	930	760	540	360	510	270	170	350	240
T155	380	770	820	570	100	100	450	590	600	950	630	310	890	790
T156	370	380	540	820	800	750	240	140	640	500	770	640	280	930
T157	330	100	730	190	640	820	190	320	400	450	690	510	900	220
T158	460	960	270	160	970	960	610	850	240	310	410	960	970	900
T159	750	950	300	140	160	770	700	420	580	550	850	710	420	650
T160	310	800	840	450	180	280	410	900	700	380	590	500	290	700
T161	330	230	690	700	830	290	570	310	740	610	840	870	140	750
T162	650	410	380	890	770	960	590	820	620	770	840	520	880	140
T163	800	120	400	690	780	710	450	240	900	820	720	490	550	300
T164	880	370	720	960	130	790	180	620	550	310	930	650	360	780
T165	410	340	300	480	740	370	900	120	550	180	830	350	840	770
T166	500	770	580	940	910	850	550	390	620	320	380	800	220	930
T167	420	540	590	260	790	870	770	450	550	790	600	670	260	790
T168	890	740	360	470	570	730	350	410	960	970	720	420	520	840
T169	700	420	600	390	150	830	430	790	660	220	850	570	550	360
T170	960	890	440	900	450	110	500	560	930	570	990	710	360	100
T171	520	410	480	650	260	310	260	840	490	890	240	210	880	170
T172	810	570	230	870	270	710	560	670	510	890	700	780	350	460
T173	660	210	360	570	420	250	850	470	400	130	280	910	310	420
T174	140	980	540	860	240	350	500	200	460	900	160	330	350	730
T175	780	430	140	670	710	700	260	190	440	710	430	520	560	680
T176	640	100	250	620	920	430	640	660	690	200	480	800	730	960
T177	750	340	950	520	810	920	620	150	690	950	930	850	670	630
T178	910	600	760	260	410	760	260	790	520	590	670	340	470	640
T179	600	870	150	980	770	170	610	690	510	940	460	380	730	730
T180	300	370	410	490	450	550	310	560	100	560	340	560	350	170
T181	530	660	720	920	550	270	830	810	820	460	870	920	660	630
T182	360	250	820	960	480	160	860	490	610	620	600	940	190	530
T183	120	360	280	640	110	290	160	840	420	790	240	380	620	560
T184	360	150	550	800	210	970	480	800	700	580	120	530	700	690
T185	290	390	940	680	960	800	870	340	310	210	930	820	480	180
T186	570	760	480	210	460	200	850	600	950	320	280	540	730	150
T187	810	590	290	350	400	710	400	960	540	980	860	480	850	210
T188	880	890	130	740	810	400	280	350	660	750	910	200	850	900
T189	800	200	820	570	580	320	530	580	850	590	370	410	990	630
T190	270	330	350	400	320	430	470	890	230	470	350	210	600	130
T191	310	160	230	360	560	890	610	750	530	500	930	360	730	970
T192	170	140	360	550	190	710	610	690	400	710	250	770	850	800
