	A1	A2	A3	A4	A5	A6	A7	A8	A9	A10	A11	A12	A13	A14
T1	610	400	840	250	740	110	210	120	840	870	570	420	350	210
T2	620	850	920	140	960	550	630	960	120	130	300	540	310	960
T3	420	740	750	820	980	270	310	910	670	100	580	620	540	920
T4	630	360	550	650	650	200	790	610	310	290	900	920	570	580
T5	190	110	530	230	570	200	390	590	790	640	100	530	400	450
T6	780	410	380	560	850	970	380	680	690	120	920	430	130	920
T7	410	350	320	290	340	460	290	970	620	910	970	580	440	320
T8	690	200	870	940	870	200	960	840	330	250	640	130	890	100
T9	860	190	320	970	180	830	230	440	260	990	470	690	800	830
T10	440	460	570	720	810	590	230	290	840	470	470	980	310	360
T11	220	750	750	540	700	110	650	710	880	530	110	220	180	170
T12	980	800	850	530	340	130	230	100	630	300	640	730	330	320
T13	280	330	450	770	130	920	950	410	710	310	130	950	120	320
T14	630	160	870	570	250	290	810	960	620	500	790	500	520	830
T15	410	410	940	140	980	790	780	790	840	120	840	150	920	630
T16	870	850	120	410	910	860	480	270	540	870	770	200	700	150
T17	410	500	400	630	370	450	760	720	370	460	100	900	300	950
T18	920	130	360	580	360	920	330	360	320	230	970	930	200	820
T19	880	180	850	410	730	500	760	920	700	940	330	530	440	800
T20	660	660	910	620	540	220	740	610	770	470	720	170	870	370
T21	190	410	730	910	970	220	890	660	330	110	180	710	910	520
T22	290	200	640	740	760	170	560	910	950	550	860	500	990	270
T23	480	550	430	690	460	860	900	510	650	630	770	560	870	610
T24	230	730	270	720	450	940	110	460	670	850	300	700	550	390
T25	780	580	680	270	100	260	140	520	300	400	370	420	420	210
T26	260	430	330	170	520	550	940	560	110	560	240	870	910	420
T27	400	630	530	200	400	670	620	150	960	400	580	590	230	210
T28	300	470	190	120	440	990	610	730	610	630	870	360	460	450
T29	450	160	550	340	890	500	640	110	980	430	890	910	660	350
T30	830	620	510	360	250	740	870	640	680	800	250	140	470	150
T31	870	850	650	690	700	610	570	870	110	220	730	960	410	470
T32	350	320	340	790	700	990	900	800	850	300	220	470	470	190
T33	310	600	880	580	520	940	680	570	430	760	310	620	740	280
T34	350	650	520	510	520	190	670	760	480	840	890	900	660	260
T35	340	960	800	820	650	220	950	100	500	370	150	220	100	890
T36	300	490	740	880	610	690	420	360	280	390	350	520	560	220
T37	540	930	910	220	200	530	650	780	460	350	590	740	140	810
T38	330	760	870	400	360	340	390	880	180	150	720	530	170	220
T39	380	910	280	600	550	150	240	170	810	490	650	800	870	720
T40	290	190	950	560	460	400	740	370	540	600	130	650	940	200
T41	240	960	960	250	740	430	760	190	110	670	650	390	180	610
T42	720	500	460	100	630	570	750	340	110	990	620	660	130	130
T43	700	400	570	380	940	720	400	510	580	100	730	470	170	140
T44	400	320	440	110	910	540	430	990	420	790	690	140	240	620
T45	150	380	560	240	180	460	680	580	460	180	840	930	420	810
T46	870	930	240	400	410	300	730	690	950	660	490	400	450	530
T47	240	560	280	480	130	120	440	750	630	910	530	370	530	820
T48	560	490	920	940	750	720	710	610	440	590	270	390	610	960
T49	940	990	590	650	260	410	470	440	870	950	710	430	510	180
T50	870	510	980	820	640	620	730	760	990	980	810	430	190	590
T51	710	650	760	370	950	320	970	950	590	180	590	620	610	490
T52	490	550	620	790	380	150	820	540	670	390	550	560	480	620
T53	460	820	760	500	520	980	350	340	590	110	760	960	630	260
T54	520	450	100	840	790	800	660	400	150	750	740	830	600	900
T55	500	820	560	190	950	150	710	480	200	350	180	320	300	910
T56	770	800	880	740	580	580	980	540	670	590	780	900	640	860
T57	540	510	430	460	840	900	390	470	760	750	150	770	340	350
T58	640	890	240	930	530	800	320	790	750	720	910	390	350	430
T59	720	600	670	270	190	590	470	960	560	420	200	100	530	400
T60	660	970	460	200	950	510	390	280	590	110	920	420	760	130
T61	110	350	150	820	390	120	400	330	170	320	240	950	100	110
T62	710	250	710	680	300	810	630	500	670	440	100	420	600	850
T63	350	620	920	950	780	650	930	220	560	500	970	170	190	660
T64	970	780	540	480	700	500	740	870	290	780	380	780	200	640
T65	120	420	170	800	470	310	620	350	780	690	150	500	260	140
T66	920	400	410	480	240	770	440	490	970	900	130	830	580	210
T67	320	310	260	880	570	130	840	710	440	430	980	440	310	630
T68	260	530	470	420	270	950	480	360	190	160	220	580	890	300
T69	510	490	840	930	910	940	560	690	580	760	580	530	370	850
T70	940	250	850	200	460	460	210	190	120	780	580	780	260	240
T71	220	870	790	290	120	530	360	290	610	510	180	160	300	930
T72	570	190	520	770	330	100	520	810	930	880	370	210	510	360
T73	130	990	190	710	270	100	170	150	270	610	550	550	820	110
T74	110	150	640	980	990	930	320	450	250	960	380	350	750	320
T75	250	620	640	690	240	250	660	540	380	210	680	290	130	900
T76	870	110	680	710	360	990	200	350	850	720	680	520	720	190
T77	850	760	380	970	320	660	720	660	120	690	430	160	250	270
T78	640	540	570	290	820	360	820	990	910	390	960	810	370	680
T79	660	520	820	720	660	560	620	960	710	580	360	820	180	220
T80	340	100	330	990	160	700	120	180	700	330	790	410	300	870
T81	820	580	940	240	470	500	900	600	440	870	240	270	470	680
T82	310	480	110	750	260	300	670	960	540	270	950	610	100	610
T83	350	680	990	820	470	220	890	250	840	230	980	390	900	340
T84	320	690	160	980	690	380	820	680	410	780	920	470	280	980
T85	210	810	680	880	290	520	470	760	860	550	650	790	780	460
T86	180	190	770	800	490	340	320	440	470	140	710	730	630	110
T87	350	540	650	600	260	750	460	370	710	770	660	970	230	930
T88	980	480	790	690	960	670	920	490	960	410	520	860	200	570
T89	170	180	380	980	500	330	620	570	350	790	350	850	190	130
T90	910	780	760	930	420	890	540	390	840	770	610	940	280	360
T91	550	480	130	490	160	400	850	330	670	480	510	140	830	950
T92	530	110	470	480	340	500	380	130	350	420	750	200	920	420
T93	670	460	830	750	920	400	720	570	620	790	820	450	390	310
T94	440	320	540	840	510	640	730	870	740	550	750	570	840	960
T95	620	880	190	260	580	370	610	300	940	690	200	580	730	870
T96	350	160	860	550	170	970	350	830	460	620	200	420	940	550
T97	960	590	200	680	220	320	220	260	310	610	810	620	700	750
T98	480	160	590	660	780	210	260	290	350	200	720	170	350	150
T99	240	660	280	520	920	440	560	740	800	680	130	260	790	450
T100	720	380	270	540	960	400	840	970	980	490	510	260	940	800
T101	950	690	280	270	360	520	970	660	380	760	160	850	730	330
T102	690	710	720	550	860	740	120	220	110	690	850	370	280	930
T103	970	340	390	190	400	240	840	240	960	390	690	290	620	400
T104	810	460	650	360	240	220	840	850	180	980	980	400	260	930
T105	740	340	590	690	890	700	680	800	530	960	340	800	890	280
T106	660	920	190	830	520	110	730	300	960	900	520	560	150	890
T107	540	370	510	160	710	710	440	710	290	180	810	220	600	330
T108	270	610	550	940	880	860	240	570	790	890	640	540	460	220
T109	140	540	510	150	730	540	170	970	940	650	900	420	440	820
T110	430	640	860	820	330	580	970	170	220	960	770	410	970	980
T111	210	890	160	160	360	860	680	980	610	300	690	830	170	170
T112	690	820	910	870	610	930	410	590	590	100	210	850	490	430
T113	210	270	510	250	350	200	320	570	570	580	880	320	430	700
T114	570	860	210	510	280	670	530	360	540	560	560	760	420	920
T115	140	220	260	890	150	180	280	580	820	700	750	840	380	330
T116	220	280	360	250	500	710	450	210	950	380	280	740	720	750
T117	630	520	720	720	980	360	120	600	740	850	360	620	920	340
T118	920	540	240	170	660	340	830	750	390	180	130	350	710	280
T119	100	500	170	170	100	640	450	140	930	850	390	120	340	800
T120	760	850	580	660	720	440	660	560	270	970	150	100	550	900
T121	260	850	550	580	170	520	160	470	170	580	790	610	990	600
T122	390	700	570	170	960	260	270	160	700	180	570	740	100	940
T123	250	810	460	990	480	710	920	640	280	860	480	490	290	480
T124	290	620	370	650	700	550	320	850	520	290	810	580	780	540
T125	570	180	750	440	410	180	490	920	880	970	390	460	520	860
T126	320	300	360	510	810	170	710	400	640	590	180	890	850	200
T127	390	150	850	730	880	950	540	140	630	520	890	950	130	240
T128	900	940	560	520	110	430	440	860	910	620	490	400	230	980
T129	700	900	620	940	490	120	250	230	580	490	350	600	560	900
T130	580	810	880	960	860	580	150	620	180	100	320	580	140	820
T131	810	660	610	410	590	140	780	110	290	840	420	190	150	840
T132	810	920	780	540	250	490	490	240	110	220	420	530	680	260
T133	140	620	100	820	190	950	120	110	100	940	830	370	880	110
T134	890	470	790	930	450	790	460	260	760	430	390	470	360	770
T135	660	180	540	750	600	690	530	440	750	700	600	650	470	250
T136	870	500	970	580	230	250	250	640	960	790	740	960	190	420
T137	950	330	480	550	640	600	630	850	780	160	260	990	900	160
T138	230	650	130	140	540	830	760	110	850	920	620	650	540	610
T139	550	590	140	260	950	360	280	920	860	250	510	280	240	390
T140	290	320	310	860	620	150	760	400	660	150	440	840	250	500
T141	250	130	330	980	270	560	220	260	540	860	420	810	640	860
T142	130	790	610	160	950	740	540	650	930	160	980	980	670	790
T143	510	200	720	500	800	680	260	780	900	360	330	850	780	950
T144	100	320	300	140	580	740	320	990	120	490	230	760	160	810
T145	210	470	340	270	500	340	990	380	940	820	360	740	930	620
T146	480	950	170	600	620	870	210	440	530	570	550	450	530	380
T147	430	230	370	150	390	880	710	320	230	650	950	970	740	200
T148	140	160	120	520	830	350	760	990	290	320	660	950	650	590
T149	810	870	840	660	420	200	600	400	830	440	690	480	600	290
T150	360	570	370	820	140	350	240	850	100	650	180	450	840	320
T151	220	100	930	240	400	720	370	120	110	910	800	990	130	520
T152	350	400	360	550	620	450	520	950	530	420	330	890	910	200
T153	560	880	430	340	320	270	530	900	780	690	220	870	180	350
T154	560	790	100	690	100	440	330	950	920	980	990	870	880	270
T155	180	350	440	180	360	880	800	930	440	330	730	160	450	270
T156	950	450	770	230	430	940	620	710	850	940	900	590	310	930
T157	850	300	240	180	360	410	470	270	220	220	190	240	880	150
T158	130	760	580	690	610	160	660	720	730	880	890	950	200	300
T159	760	490	330	100	160	520	880	300	990	200	720	930	540	420
T160	810	760	790	660	900	350	730	460	570	800	870	270	930	700
T161	630	960	420	390	900	800	860	100	880	340	910	410	450	300
T162	160	220	300	930	450	230	340	680	630	660	840	920	920	960
T163	130	540	990	560	450	690	680	560	140	450	880	520	850	400
T164	190	280	780	900	160	470	500	660	420	240	640	900	240	140
T165	700	130	200	610	240	800	380	490	580	310	870	200	170	310
T166	770	730	110	890	760	840	950	430	570	950	140	590	560	400
T167	300	320	880	980	720	620	880	760	970	660	360	700	730	370
T168	250	120	630	250	600	800	850	110	450	140	120	510	450	180
T169	800	320	510	750	200	940	340	550	190	410	300	310	840	920
T170	640	570	100	210	430	160	880	620	630	810	400	400	720	590
T171	890	540	770	910	900	930	890	250	420	570	530	850	450	560
T172	430	650	780	440	300	750	900	790	980	160	740	650	240	900
T173	120	430	750	380	960	810	960	460	240	730	720	840	830	570
T174	330	190	940	310	510	530	150	130	690	780	170	320	760	700
T175	410	250	310	340	370	250	630	650	660	530	590	720	680	480
T176	830	120	630	820	130	640	470	630	170	100	180	440	350	960
T177	730	220	880	210	350	120	960	780	250	710	330	460	820	510
T178	560	620	510	690	510	130	790	300	460	880	290	740	690	650
T179	910	770	660	110	300	340	860	770	360	410	830	220	390	460
T180	410	890	780	320	470	730	440	490	290	100	930	290	880	490
T181	420	500	710	630	550	180	730	220	190	320	220	430	510	200
T182	940	950	450	910	940	720	350	440	440	980	530	120	100	890
T183	470	510	990	680	650	720	200	730	350	910	410	980	280	890
T184	900	420	600	830	330	670	670	370	660	330	330	710	790	630
T185	700	320	630	990	100	560	340	940	750	680	100	930	950	110
T186	530	700	690	310	880	230	150	470	990	890	470	770	720	200
T187	910	680	560	170	900	800	670	660	630	670	310	110	950	200
T188	830	860	890	500	930	680	850	850	760	900	940	510	990	440
T189	130	700	290	520	970	460	980	440	150	430	890	310	910	130
T190	750	410	220	640	530	680	610	240	390	350	310	110	460	560
T191	890	700	140	750	620	410	110	240	300	850	210	600	350	740
T192	230	130	200	170	460	180	370	950	930	100	830	130	530	270
