	A1	A2	A3	A4	A5	A6	A7	A8	A9	A10	A11	A12	A13	A14
T1	760	250	150	220	820	570	110	130	400	590	410	990	880	840
T2	120	500	800	150	210	870	390	460	170	370	500	820	670	410
T3	610	710	930	640	250	160	820	220	270	690	550	240	350	290
T4	800	690	120	410	950	700	490	320	630	200	420	180	880	710
T5	490	540	380	160	730	970	100	760	650	910	690	300	250	620
T6	910	780	400	680	390	300	210	170	130	490	800	580	630	760
T7	330	600	240	410	190	320	270	540	620	200	530	220	630	890
T8	320	580	370	900	190	370	600	210	590	270	590	900	330	190
T9	870	600	170	770	810	170	570	240	590	300	910	910	320	710
T10	540	240	500	640	950	240	550	690	790	780	940	510	810	310
T11	270	200	700	950	280	930	720	160	310	230	110	540	120	280
T12	470	820	140	650	290	640	110	470	360	290	250	560	850	510
T13	730	470	740	480	850	460	280	480	440	980	770	330	290	730
T14	160	590	680	330	470	900	330	670	690	930	100	230	860	320
T15	670	960	420	850	530	180	890	980	660	470	480	860	900	820
T16	270	790	380	160	330	530	150	710	460	600	710	970	760	240
T17	540	730	150	380	330	120	470	100	930	740	930	690	750	950
T18	950	660	830	260	680	220	990	370	770	970	870	390	890	830
T19	500	900	270	410	370	100	590	310	980	920	190	980	990	270
T20	240	970	380	520	330	550	310	640	150	510	570	110	700	820
T21	240	170	140	900	270	430	300	280	350	180	370	190	390	580
T22	110	700	810	390	820	470	790	800	450	260	320	650	270	240
T23	600	980	490	350	950	400	770	750	910	790	400	230	420	280
T24	480	900	440	710	380	850	700	490	820	310	570	920	850	970
T25	850	690	160	470	960	360	800	510	920	240	950	510	290	200
T26	770	840	750	250	750	870	130	370	250	100	670	510	540	980
T27	790	780	390	660	780	740	460	270	290	650	190	710	630	100
T28	490	790	240	560	670	100	330	550	890	980	970	560	810	750
T29	520	500	710	920	560	430	170	760	400	810	690	160	230	260
T30	870	840	780	270	640	870	620	190	150	270	250	370	930	360
T31	460	480	560	630	550	770	780	920	190	860	580	430	360	360
T32	710	190	180	260	980	110	870	340	770	340	970	660	680	470
T33	450	130	660	320	340	120	140	140	110	730	800	720	340	570
T34	520	470	710	810	720	430	810	460	390	830	340	120	500	340
T35	350	400	180	960	820	640	900	850	670	180	870	720	700	900
T36	640	410	580	400	980	290	140	430	130	460	780	190	520	580
T37	660	160	720	110	200	480	950	520	780	930	640	600	680	470
T38	540	870	810	930	140	630	370	420	760	440	450	900	930	470
T39	830	260	360	220	550	160	610	390	280	270	660	540	930	920
T40	680	950	350	760	290	780	750	190	320	460	680	880	780	490
T41	870	990	990	580	370	900	780	580	860	580	460	370	110	260
T42	150	200	900	260	710	100	520	300	230	410	600	350	520	520
T43	530	320	650	250	360	620	800	770	890	540	950	130	660	930
T44	560	990	280	500	310	230	450	100	500	800	140	720	850	470
T45	720	190	400	230	460	420	680	620	930	490	590	390	890	490
T46	570	910	190	570	400	240	270	640	810	400	720	310	620	910
T47	740	570	390	460	920	720	810	330	240	960	940	560	860	180
T48	520	320	640	870	940	960	310	900	860	580	770	900	640	380
T49	130	150	830	520	150	630	870	130	490	720	720	340	270	680
T50	610	700	520	840	560	660	960	940	550	900	830	160	600	890
T51	840	250	930	130	620	640	700	540	690	740	460	500	530	200
T52	370	310	340	200	570	280	650	780	700	750	900	250	120	590
T53	400	220	990	330	140	120	200	110	900	590	910	530	380	220
T54	820	280	670	360	210	580	560	390	890	260	940	410	500	860
T55	910	550	970	520	170	470	410	570	840	550	610	420	940	650
T56	800	990	560	700	970	170	930	440	660	790	360	110	440	550
T57	270	190	360	440	180	120	230	680	720	150	630	430	190	240
T58	630	800	850	690	430	670	150	250	220	690	160	180	100	680
T59	290	670	860	610	170	350	990	180	780	140	630	420	420	810
T60	560	220	260	950	930	900	590	970	850	420	750	420	350	100
T61	850	200	430	970	580	230	160	250	190	640	940	290	770	110
T62	460	880	580	370	140	700	140	500	330	150	490	810	980	510
T63	390	550	440	430	670	560	950	230	910	850	830	810	430	330
T64	740	370	760	440	750	450	340	100	760	580	430	670	260	250
T65	340	710	270	530	100	930	740	760	230	100	120	170	930	660
T66	690	810	160	800	190	240	150	650	720	290	980	510	960	440
T67	910	310	240	970	470	470	790	760	790	650	590	560	610	760
T68	430	510	270	890	280	540	400	990	950	860	550	710	110	180
T69	640	160	360	360	900	610	140	170	590	400	720	420	100	650
T70	870	490	280	530	130	700	240	360	940	330	210	780	720	840
T71	580	840	740	540	760	930	350	520	420	170	750	410	520	650
T72	360	460	550	170	350	820	510	980	920	750	400	290	870	220
T73	590	570	330	940	890	460	540	830	700	750	440	560	690	690
T74	700	990	980	310	400	750	690	860	280	250	130	820	410	800
T75	320	710	960	510	370	530	120	690	630	190	450	840	900	370
T76	670	330	380	700	860	160	690	810	210	320	480	620	510	210
T77	890	630	990	190	900	580	390	290	480	830	100	160	400	120
T78	730	880	590	750	750	420	610	900	230	550	550	510	730	380
T79	570	250	250	140	830	570	880	650	220	490	250	950	830	760
T80	450	240	400	230	230	620	290	840	870	750	380	530	290	780
T81	880	100	490	100	890	110	390	860	620	640	840	660	780	610
T82	910	890	520	510	520	510	500	130	360	560	670	510	360	120
T83	520	770	130	300	710	600	200	320	250	980	910	260	790	540
T84	300	170	250	330	340	550	310	990	200	560	240	140	730	490
T85	560	980	290	270	320	220	780	960	170	530	360	170	430	460
T86	410	400	460	840	850	350	770	520	640	840	110	530	170	760
T87	610	680	260	870	820	710	680	370	790	820	480	220	150	160
T88	150	360	840	560	660	930	440	210	850	510	620	830	530	960
T89	350	220	240	750	410	270	170	210	680	280	370	600	210	720
T90	980	910	750	890	590	310	750	880	700	900	640	940	290	890
T91	960	160	590	570	340	660	210	770	480	620	780	660	960	400
T92	980	360	840	160	160	530	310	280	960	160	150	160	140	710
T93	470	230	740	130	360	610	710	370	250	830	890	900	590	600
T94	280	410	840	770	620	910	830	900	900	730	380	200	170	230
T95	350	970	100	170	670	730	950	370	280	670	400	190	600	130
T96	110	160	780	960	840	640	870	310	220	760	310	560	250	710
T97	390	270	640	920	400	880	650	740	630	710	690	990	660	240
T98	590	120	970	290	360	620	760	950	480	730	910	920	240	720
T99	350	250	150	670	470	510	340	510	990	820	150	990	390	670
T100	510	790	300	710	980	370	130	190	660	280	530	500	410	800
T101	900	570	120	650	250	380	730	410	230	700	240	100	840	140
T102	650	510	550	960	130	520	920	110	520	380	550	440	830	660
T103	220	280	580	830	500	370	660	150	760	200	330	260	340	820
T104	790	260	970	630	210	960	470	380	960	570	760	780	560	350
T105	790	930	410	520	440	630	850	390	710	340	660	980	100	900
T106	740	210	750	250	330	820	420	540	370	640	200	540	370	610
T107	440	150	440	460	360	500	480	710	560	870	610	300	280	880
T108	170	290	420	310	250	690	940	430	920	670	600	800	190	640
T109	940	780	220	950	870	950	830	370	980	580	180	140	680	380
T110	790	940	170	340	320	360	110	830	660	580	980	490	640	320
T111	640	360	320	580	410	470	570	480	330	470	530	520	820	390
T112	270	170	930	370	880	790	680	980	930	370	840	470	410	140
T113	830	650	720	300	200	130	840	870	500	570	990	120	600	290
T114	740	270	720	380	880	130	900	940	780	250	570	860	480	390
T115	950	960	520	350	600	290	920	520	200	730	260	390	300	950
T116	740	260	320	370	270	420	360	260	270	690	950	310	410	450
T117	820	980	980	620	660	480	980	820	450	550	560	300	750	690
T118	680	640	220	250	230	950	120	230	980	230	980	510	140	220
T119	770	680	980	930	540	310	960	520	850	650	880	800	400	490
T120	480	880	870	830	640	290	570	650	910	180	960	160	720	870
T121	660	920	770	280	740	510	910	870	490	550	110	640	920	660
T122	270	840	700	750	640	110	390	750	830	980	690	710	810	420
T123	470	380	610	990	120	570	600	640	420	880	530	930	180	160
T124	780	160	330	360	220	710	740	390	580	180	540	280	790	430
T125	160	420	930	380	810	610	920	470	800	250	780	360	620	340
T126	460	350	980	520	700	640	910	300	210	410	500	440	340	920
T127	180	240	880	370	430	830	810	920	490	360	140	500	140	340
T128	270	150	170	280	440	300	580	880	680	850	830	380	550	530
T129	430	260	420	380	800	600	160	700	570	880	640	990	660	270
T130	620	460	340	130	790	120	260	420	370	620	950	340	590	990
T131	510	180	870	460	990	520	300	920	880	680	530	280	810	270
T132	810	250	470	150	470	190	140	190	620	390	100	590	540	500
T133	440	440	640	270	380	740	660	370	600	480	830	930	790	710
T134	890	680	290	560	590	660	420	250	410	520	710	110	660	780
T135	480	840	350	930	570	630	740	390	380	960	400	380	300	530
T136	430	490	390	220	700	130	270	800	720	930	830	460	130	390
T137	730	450	840	880	730	810	850	190	330	500	850	400	130	860
T138	220	470	600	910	640	730	570	890	900	270	710	530	640	510
T139	720	270	450	760	750	230	690	490	660	290	560	400	940	260
T140	310	690	780	170	210	920	900	380	890	970	600	340	300	550
T141	240	470	270	300	460	550	150	680	650	270	390	800	160	740
T142	160	640	240	830	300	210	240	410	840	130	570	580	940	960
T143	900	360	290	740	280	910	390	860	260	350	900	820	480	440
T144	380	280	290	460	360	620	620	950	200	310	870	650	580	870
T145	210	720	510	930	510	540	280	100	280	280	270	310	830	760
T146	470	940	990	260	960	240	810	460	450	790	630	480	640	280
T147	370	540	790	990	790	420	320	390	100	130	610	250	480	970
T148	510	520	770	450	480	210	590	270	360	420	380	510	450	920
T149	580	750	790	260	960	630	550	270	860	210	990	580	980	190
T150	710	120	910	580	700	750	780	810	210	260	500	550	790	700
T151	820	900	740	610	220	540	300	690	710	890	400	470	250	830
T152	800	940	540	520	900	740	170	600	650	310	680	600	370	110
T153	600	310	940	550	540	800	860	910	550	260	250	100	470	540
T154	180	940	490	460	520	620	310	740	230	410	390	850	250	790
T155	700	340	540	740	370	490	160	420	980	630	150	540	460	670
T156	130	410	940	460	840	630	940	790	120	630	270	490	110	610
T157	370	690	660	850	110	250	180	620	700	990	180	150	830	240
T158	560	860	460	560	810	360	510	510	880	870	760	390	590	890
T159	650	280	530	450	770	670	200	400	880	220	160	740	460	200
T160	290	500	970	650	530	560	390	290	170	950	390	110	270	880
T161	430	670	470	370	900	100	760	190	930	960	150	470	340	850
T162	360	650	690	490	770	800	120	220	890	310	470	650	730	570
T163	850	230	280	910	800	450	870	110	960	700	980	210	470	310
T164	750	850	270	810	680	710	680	280	480	730	460	380	990	690
T165	120	980	750	730	710	940	840	420	590	400	360	760	850	260
T166	910	790	750	720	710	990	580	290	350	470	640	180	170	250
T167	940	860	400	800	110	330	170	850	140	500	130	560	870	460
T168	900	340	690	260	390	570	900	680	930	110	340	630	290	920
T169	390	930	640	280	840	400	200	240	350	210	970	660	640	860
T170	720	970	970	800	940	370	770	300	660	550	850	790	270	500
T171	370	930	530	930	500	770	100	980	830	620	550	890	790	240
T172	800	180	380	230	860	480	850	400	910	500	890	460	740	860
T173	950	490	660	420	350	840	340	810	130	850	320	250	630	610
T174	910	770	800	950	150	840	970	320	180	160	490	390	500	990
T175	930	680	910	290	490	130	460	940	690	940	690	680	960	250
T176	620	600	420	420	680	240	520	490	170	500	830	120	920	720
T177	170	630	840	840	910	580	580	250	720	450	230	340	310	780
T178	400	130	620	700	290	630	940	260	600	340	360	590	950	120
T179	440	640	560	400	380	790	200	740	410	970	610	830	310	720
T180	510	310	470	230	320	180	680	510	330	640	390	550	450	390
T181	430	820	400	270	610	260	680	800	800	240	600	150	420	670
T182	750	370	820	570	950	870	490	390	820	670	950	460	390	260
T183	130	560	370	950	820	780	570	260	320	530	200	360	100	730
T184	660	530	710	980	780	130	310	850	880	760	640	760	370	850
T185	420	310	720	240	170	290	810	970	570	490	390	690	410	560
T186	770	580	920	340	990	130	740	790	100	760	180	660	890	500
T187	810	720	110	950	400	680	820	720	320	530	670	370	830	620
T188	940	820	720	160	580	600	270	820	960	310	680	540	870	300
T189	960	300	340	100	780	600	230	980	900	800	190	520	540	760
T190	840	700	560	450	570	180	450	980	760	780	410	400	810	530
T191	570	930	190	220	700	310	160	780	200	730	410	120	340	940
T192	240	980	120	550	590	950	670	910	410	750	870	190	560	940
