	A1	A2	A3	A4	A5	A6	A7	A8	A9	A10
T1	170	200	840	690	680	930	230	740	680	180
T2	120	850	660	600	490	640	930	540	200	970
T3	960	490	720	700	120	680	630	120	410	990
T4	530	200	510	340	940	710	210	350	400	820
T5	110	570	900	740	700	490	260	550	810	610
T6	170	550	500	410	900	330	170	410	430	560
T7	770	680	210	100	970	990	200	640	610	440
T8	700	640	850	890	380	340	230	780	310	230
T9	900	260	220	920	170	210	370	850	710	920
T10	190	120	680	460	640	480	360	250	770	930
T11	590	280	280	300	510	530	720	540	620	450
T12	360	570	180	740	840	310	910	280	890	510
T13	740	230	730	480	670	140	350	640	630	860
T14	300	460	270	940	550	950	320	810	160	540
T15	300	460	870	120	510	140	690	520	630	520
T16	360	170	420	310	470	100	700	240	810	950
T17	980	900	830	570	520	880	440	730	220	340
T18	740	130	460	680	610	960	910	990	410	890
T19	580	500	220	510	580	650	280	550	430	110
T20	780	890	160	640	710	200	850	610	760	150
T21	470	290	160	750	520	860	620	850	730	500
T22	570	840	250	330	620	960	110	620	880	740
T23	380	590	890	800	810	800	850	340	550	400
T24	940	550	810	840	520	980	380	210	660	420
T25	530	380	480	470	290	350	560	720	540	680
T26	190	510	430	490	570	330	250	510	200	310
T27	980	880	650	560	750	110	250	900	500	480
T28	850	330	830	380	870	800	370	370	170	840
T29	840	410	670	440	230	250	840	130	510	110
T30	690	250	980	600	330	430	600	950	290	220
T31	160	870	840	820	610	350	820	280	450	520
T32	950	530	220	950	170	730	640	450	870	910
T33	430	300	530	990	470	440	890	470	230	230
T34	340	560	200	510	840	520	150	520	780	840
T35	310	890	440	430	640	570	830	510	180	420
T36	190	640	510	480	600	670	250	170	540	200
T37	510	200	120	600	860	550	260	170	350	340
T38	310	520	310	500	580	930	990	730	730	390
T39	520	490	250	370	430	890	200	530	750	420
T40	940	140	990	250	260	750	940	290	880	770
T41	480	660	620	260	650	150	750	950	620	830
T42	530	610	970	980	360	720	240	190	560	140
T43	550	990	510	650	660	440	270	350	160	700
T44	350	480	220	980	150	860	600	380	380	420
T45	650	230	380	410	310	500	290	760	880	690
T46	210	960	140	430	570	750	140	550	250	560
T47	460	270	930	200	400	150	170	980	360	230
T48	170	890	360	130	710	660	650	800	760	760
T49	140	600	710	130	650	210	130	270	250	830
T50	550	280	920	990	310	190	310	370	430	370
T51	980	760	340	680	280	690	690	740	360	500
T52	760	240	680	400	470	630	880	330	470	390
T53	790	340	950	900	880	450	240	260	150	780
T54	950	160	790	800	170	220	240	390	740	890
T55	530	230	180	230	150	700	950	910	100	610
T56	560	330	260	120	370	580	540	640	750	660
T57	530	820	410	940	180	360	170	740	460	860
T58	880	260	970	990	210	160	730	990	160	250
T59	680	660	290	880	250	860	350	300	300	930
T60	480	770	340	100	440	450	720	570	450	680
T61	330	290	460	310	810	270	540	100	760	930
T62	950	260	100	210	740	400	730	890	380	520
T63	830	460	180	830	850	470	670	140	600	260
T64	390	230	690	960	490	740	700	830	490	460
T65	920	220	650	830	600	710	520	750	180	320
T66	260	200	720	970	220	500	590	520	530	490
T67	480	890	370	540	310	570	550	710	980	740
T68	380	520	380	620	830	560	710	670	430	390
T69	140	190	200	210	820	590	830	730	830	730
T70	960	390	580	350	900	190	490	740	790	540
T71	960	220	380	980	960	560	330	120	860	130
T72	890	600	510	890	950	730	100	940	750	950
T73	490	720	850	710	460	490	870	710	270	400
T74	870	600	660	950	220	450	540	210	430	850
T75	460	350	930	470	350	290	100	570	780	770
T76	690	670	720	500	340	690	730	330	640	320
T77	590	520	280	220	810	260	640	860	260	810
T78	370	270	480	540	710	500	640	450	840	200
T79	800	120	270	720	730	760	470	950	680	380
T80	480	660	970	100	760	800	200	520	290	130
T81	420	910	930	770	900	840	280	210	740	540
T82	150	430	360	550	480	550	170	510	790	150
T83	870	790	490	350	250	640	530	100	220	410
T84	410	550	240	550	140	310	930	480	160	950
T85	200	260	540	480	650	650	360	950	280	430
T86	730	600	260	860	380	340	450	740	810	280
T87	780	340	900	360	440	300	210	300	830	150
T88	880	510	710	760	910	550	390	770	800	150
T89	120	610	170	630	970	680	950	140	670	220
T90	140	300	240	560	110	480	110	910	640	620
T91	210	550	860	930	130	900	310	480	920	380
T92	230	440	100	550	560	110	370	180	240	100
T93	670	330	500	760	720	780	450	710	780	640
T94	830	930	650	390	590	940	830	250	410	770
T95	440	510	890	790	490	180	930	210	540	810
T96	940	560	570	300	550	610	380	800	570	510
T97	110	140	110	310	520	640	110	530	600	230
T98	650	730	980	830	500	700	170	160	200	540
T99	600	670	830	680	800	430	120	510	990	180
T100	950	340	320	560	660	450	340	290	620	300
T101	490	190	200	730	270	550	640	850	840	480
T102	230	330	310	140	390	630	930	870	390	730
T103	500	310	160	630	170	270	170	410	830	540
T104	470	950	150	400	380	570	190	320	200	160
T105	840	340	110	280	670	740	530	890	730	660
T106	390	340	500	330	680	440	400	380	750	930
T107	840	990	340	470	830	920	170	970	210	210
T108	340	210	180	920	400	290	790	840	700	130
T109	400	320	780	410	110	460	860	540	310	730
T110	480	390	370	510	850	740	150	180	130	550
T111	280	980	540	330	490	440	850	190	420	710
T112	980	440	180	940	670	230	250	260	550	510
T113	540	800	240	240	820	480	370	140	660	260
T114	980	760	710	230	570	490	480	420	110	130
T115	770	110	920	960	600	610	970	440	180	550
T116	730	530	990	620	980	880	940	900	580	390
T117	970	870	170	600	840	730	330	590	830	950
T118	500	580	620	490	440	310	860	230	200	800
T119	870	370	770	200	980	580	670	380	650	760
T120	940	840	830	640	370	850	190	990	140	490
T121	360	930	900	960	360	410	900	850	320	680
T122	690	420	450	230	530	120	520	800	740	730
T123	980	230	780	710	460	300	860	400	620	280
T124	520	180	450	740	110	480	710	850	230	410
T125	270	620	550	180	500	720	670	830	790	770
T126	310	960	360	480	110	730	200	970	550	730
T127	580	450	390	430	950	190	220	550	300	300
T128	840	750	220	260	650	860	630	540	650	980
T129	700	610	330	190	240	380	790	840	270	570
T130	600	390	660	590	890	780	870	980	710	780
T131	900	890	180	120	560	550	650	140	470	180
T132	700	570	500	770	110	420	830	950	120	610
T133	900	820	130	740	650	130	120	590	270	680
T134	910	750	240	820	540	500	200	390	150	370
T135	200	550	640	860	950	510	330	410	370	970
T136	600	520	890	580	450	190	460	430	140	200
T137	680	440	520	360	800	190	200	150	230	460
T138	120	320	100	480	440	140	870	760	430	830
T139	600	720	690	960	440	550	180	140	510	480
T140	520	170	390	980	540	330	460	380	180	190
T141	930	420	530	170	550	510	780	570	250	160
T142	340	830	300	640	470	430	360	580	590	520
T143	450	420	430	160	680	350	720	990	270	870
T144	290	490	980	840	750	130	530	570	950	360
T145	150	780	470	930	200	400	370	240	110	710
T146	980	650	390	320	650	170	300	710	560	760
T147	900	570	970	960	440	420	520	820	130	540
T148	270	270	660	780	560	640	330	380	270	390
T149	910	440	210	320	400	130	230	660	360	480
T150	340	650	450	350	250	840	250	340	590	760
T151	430	800	770	500	950	770	150	700	600	750
T152	680	420	170	460	360	410	980	980	840	850
T153	750	310	220	890	160	940	340	920	770	840
T154	730	110	240	880	650	380	290	240	450	270
T155	370	600	730	560	160	830	620	370	670	950
T156	200	810	200	670	940	870	700	290	290	970
T157	530	580	620	160	970	830	430	850	170	940
T158	800	360	660	320	470	140	840	370	460	560
T159	690	980	160	130	230	820	850	440	720	620
T160	850	140	190	700	270	810	860	640	510	940
T161	910	460	930	830	370	830	580	790	250	940
T162	760	400	360	140	460	580	760	800	680	160
T163	890	980	880	670	210	650	990	180	130	540
T164	810	460	400	290	210	250	840	610	580	530
T165	990	740	410	890	980	750	330	910	680	410
T166	350	830	580	310	680	100	600	700	490	650
T167	240	540	200	530	410	280	250	920	620	270
T168	970	760	580	140	240	560	350	860	320	300
T169	440	650	920	760	670	730	700	450	600	690
T170	350	190	400	290	240	350	180	490	500	910
T171	840	640	410	310	110	100	970	980	930	680
T172	220	460	230	330	990	770	300	790	830	580
T173	840	380	120	780	710	960	550	490	420	560
T174	130	110	420	620	610	660	990	540	470	190
T175	850	970	570	680	810	430	100	940	100	400
T176	150	230	350	980	220	590	300	660	310	620
T177	300	440	310	710	940	930	540	560	690	900
T178	630	520	150	530	870	910	360	460	260	220
T179	300	130	300	690	640	410	610	330	380	470
T180	800	770	680	770	290	100	660	740	240	580
T181	510	840	250	350	440	130	890	330	390	810
T182	340	120	260	150	430	900	260	640	640	300
T183	950	450	310	440	480	450	350	660	330	350
T184	590	650	970	170	880	260	270	120	900	510
T185	120	410	470	270	900	590	180	680	420	490
T186	890	680	980	500	570	800	180	870	530	290
T187	800	790	380	690	580	830	610	340	660	500
T188	620	230	880	220	260	540	380	700	100	210
T189	470	390	650	420	130	260	220	310	210	400
T190	890	210	530	640	940	220	660	220	760	640
T191	720	310	730	910	950	440	860	910	770	530
T192	870	570	880	600	210	990	960	230	890	760
T193	180	810	950	110	150	490	530	720	680	450
T194	410	820	710	910	140	140	110	140	230	990
T195	330	190	170	620	770	460	810	990	730	990
T196	460	430	250	450	280	340	800	710	160	750
T197	490	900	320	210	420	710	860	490	130	130
T198	260	270	180	970	550	430	240	130	490	580
T199	320	490	570	430	420	750	800	370	410	450
T200	630	610	430	950	130	500	490	120	310	410
T201	540	280	530	800	640	310	560	900	500	890
T202	210	190	970	990	680	530	480	470	620	420
T203	100	290	730	650	830	640	180	290	170	770
T204	160	510	500	550	200	270	220	430	380	470
T205	920	570	740	920	460	120	770	740	600	310
T206	210	330	350	310	780	350	490	910	410	320
T207	370	880	440	250	680	290	260	220	690	790
T208	470	150	270	790	660	800	200	770	820	520
T209	390	730	530	150	250	860	510	580	100	900
T210	360	290	240	130	740	260	830	890	800	800
T211	390	370	880	700	250	450	570	440	420	370
T212	430	270	730	130	440	390	300	890	200	960
T213	100	550	440	340	180	720	740	570	680	600
T214	320	870	760	750	590	390	640	560	960	130
T215	750	540	710	880	490	940	110	910	170	490
T216	520	310	400	130	230	800	580	190	590	330
T217	570	220	280	150	180	220	280	690	700	790
T218	320	470	220	360	380	330	650	130	400	560
T219	870	450	720	560	830	500	340	270	360	510
T220	350	420	920	820	760	390	770	610	870	350
T221	120	140	140	470	220	630	620	280	960	260
T222	550	590	750	760	910	170	270	900	250	290
T223	390	910	690	500	480	750	730	950	970	810
T224	230	830	610	640	970	850	920	110	210	750
T225	980	370	820	690	590	460	320	520	870	340
T226	590	820	840	780	490	200	790	700	860	520
T227	710	870	150	410	670	810	420	480	700	400
T228	290	170	200	140	610	210	320	290	950	380
T229	640	350	630	490	780	100	540	340	830	760
T230	170	380	890	690	810	650	400	820	370	150
T231	220	860	400	290	990	840	340	560	200	890
T232	180	950	710	640	950	630	970	120	160	530
T233	880	220	500	780	660	600	390	840	490	870
T234	530	850	460	620	650	590	390	110	450	900
T235	530	840	710	820	230	650	320	620	880	140
T236	710	200	130	360	170	700	940	480	730	970
T237	730	240	890	150	940	990	380	830	660	130
T238	720	180	820	780	290	770	830	380	310	890
T239	170	660	320	870	710	900	890	640	390	600
T240	420	760	810	240	830	700	720	340	210	560
T241	220	440	680	510	970	990	120	760	680	830
T242	940	840	750	200	320	690	260	760	540	830
T243	320	290	160	240	430	650	230	610	650	100
T244	980	100	590	510	780	580	920	960	710	300
T245	660	120	940	730	640	990	980	250	450	980
T246	340	860	310	810	290	720	380	970	490	280
T247	820	790	860	900	610	860	650	300	160	260
T248	620	830	240	930	600	470	180	380	730	680
T249	560	640	810	100	280	490	340	190	150	600
T250	120	340	210	780	350	630	220	750	190	440
T251	580	850	720	870	100	900	250	260	360	800
T252	350	740	870	190	340	630	480	520	700	190
T253	740	390	550	900	310	250	970	600	680	370
T254	190	410	750	240	570	280	680	580	370	150
T255	990	210	580	960	330	830	920	720	970	570
T256	230	350	580	220	100	570	240	850	230	320
