	A1	A2	A3	A4	A5	A6	A7	A8	A9	A10
T1	130	370	680	960	690	150	930	230	550	270
T2	330	770	700	820	600	290	400	160	450	110
T3	640	330	150	520	830	920	770	820	330	610
T4	760	510	450	320	280	160	600	770	660	830
T5	390	260	250	290	820	760	690	270	320	310
T6	960	780	520	560	660	540	880	440	200	220
T7	690	510	500	160	950	600	320	730	730	200
T8	540	560	230	470	230	770	840	620	410	450
T9	590	150	470	130	470	360	740	290	480	530
T10	290	870	160	790	890	590	910	180	980	880
T11	120	250	950	560	320	570	960	740	110	490
T12	930	900	250	910	830	750	810	350	910	230
T13	720	250	290	270	220	570	580	390	560	210
T14	140	660	960	790	220	330	950	900	320	900
T15	590	600	770	340	240	680	160	330	150	240
T16	170	710	980	780	820	120	490	590	650	870
T17	920	880	510	770	700	930	610	720	840	200
T18	130	810	620	120	770	380	400	600	550	240
T19	520	520	250	500	520	140	590	210	280	940
T20	340	960	530	800	850	400	790	400	190	870
T21	610	890	180	150	930	560	860	750	820	870
T22	580	370	510	910	810	580	860	430	790	660
T23	540	560	880	400	340	920	100	220	550	370
T24	830	800	330	520	750	520	130	730	370	680
T25	440	170	830	410	610	580	840	380	830	320
T26	980	330	940	110	950	850	280	430	900	620
T27	630	390	780	160	140	800	780	510	980	350
T28	460	920	540	240	290	400	340	420	800	390
T29	530	360	370	910	410	920	970	650	210	800
T30	520	670	470	840	420	960	670	770	510	950
T31	410	400	280	510	910	300	580	320	970	640
T32	130	590	560	690	710	880	330	680	280	430
T33	440	190	490	920	920	680	900	240	330	430
T34	240	300	210	290	440	850	630	590	610	130
T35	590	120	830	480	170	950	920	850	640	760
T36	610	510	320	550	510	300	330	470	780	230
T37	990	980	370	240	870	360	790	330	760	730
T38	270	210	380	750	850	240	830	490	940	600
T39	870	810	110	380	240	930	840	260	290	430
T40	550	610	180	650	150	260	740	120	660	470
T41	300	570	830	720	190	320	560	480	680	470
T42	820	800	900	630	730	730	340	410	130	910
T43	530	430	940	690	560	940	540	450	840	590
T44	190	980	820	820	250	840	380	880	400	940
T45	950	460	520	560	750	680	730	910	110	220
T46	400	930	940	420	240	830	120	740	420	980
T47	780	270	640	580	430	480	590	130	630	100
T48	430	210	620	350	570	220	680	740	600	540
T49	330	630	170	790	640	680	800	600	710	920
T50	930	320	780	300	460	780	510	310	120	200
T51	670	740	260	880	780	380	100	940	790	630
T52	200	770	640	930	510	670	840	970	380	860
T53	580	400	860	420	370	480	890	370	440	610
T54	250	200	120	360	250	220	680	300	550	390
T55	880	140	310	810	460	470	670	780	180	390
T56	220	680	100	180	410	270	330	340	880	200
T57	130	720	540	750	590	190	270	660	680	360
T58	740	370	640	430	230	510	270	580	960	670
T59	620	670	630	320	160	610	330	240	390	950
T60	620	650	460	670	730	550	340	780	220	100
T61	680	780	180	730	670	750	690	280	280	130
T62	230	660	880	460	670	220	490	180	950	680
T63	740	880	570	200	770	870	790	630	220	340
T64	310	910	680	680	590	390	150	180	840	680
T65	900	990	270	900	410	750	780	120	450	750
T66	190	160	540	770	410	270	800	120	740	360
T67	860	140	820	740	170	370	830	100	290	720
T68	910	540	800	930	600	600	810	130	580	530
T69	350	230	700	130	660	490	940	640	800	800
T70	280	810	510	510	250	590	870	760	890	340
T71	530	830	650	800	280	950	880	400	530	840
T72	120	500	830	900	910	970	380	300	610	740
T73	460	540	400	250	450	460	780	110	290	570
T74	460	890	500	330	220	310	160	490	850	120
T75	150	760	110	500	410	740	680	570	240	980
T76	100	150	550	690	780	840	750	760	180	780
T77	160	100	770	870	140	900	900	730	770	660
T78	150	720	230	370	490	680	750	460	840	930
T79	540	190	270	320	140	770	600	250	670	540
T80	180	880	470	790	490	890	360	500	930	550
T81	310	400	850	970	580	500	990	570	200	410
T82	130	990	230	410	480	720	500	360	220	630
T83	210	650	660	690	920	870	800	760	840	920
T84	560	870	250	720	880	450	370	250	190	110
T85	350	760	240	250	310	550	590	240	790	600
T86	820	590	250	640	850	540	730	400	480	100
T87	630	170	440	110	580	980	870	750	440	390
T88	420	530	450	940	590	460	210	380	780	480
T89	670	260	930	850	720	540	130	560	990	510
T90	160	700	580	150	120	930	850	140	290	420
T91	280	630	550	510	290	970	510	610	210	670
T92	170	170	240	650	160	800	950	600	160	910
T93	580	880	150	690	230	840	210	890	660	510
T94	550	840	360	150	330	550	890	420	240	550
T95	930	880	740	480	330	190	540	820	540	830
T96	100	340	970	120	470	750	370	110	810	690
T97	850	260	510	910	330	720	550	800	160	370
T98	560	880	980	530	180	630	620	620	230	580
T99	310	870	450	480	100	510	130	140	260	520
T100	810	850	820	190	630	820	350	600	890	620
T101	700	400	610	250	320	340	250	950	730	780
T102	940	370	820	150	770	820	170	550	250	320
T103	490	660	580	630	560	790	990	940	450	110
T104	180	560	820	670	190	790	830	540	130	640
T105	890	640	110	710	480	780	490	310	370	360
T106	300	400	550	200	650	260	110	290	940	220
T107	630	520	310	860	100	570	760	220	650	170
T108	480	210	320	220	890	390	310	530	960	980
T109	650	680	170	110	590	760	780	140	380	490
T110	350	430	480	420	980	160	530	940	190	680
T111	290	970	380	420	590	300	730	200	140	910
T112	220	870	470	530	970	610	420	890	770	760
T113	890	870	920	180	820	770	530	190	960	920
T114	420	660	500	320	770	870	190	400	290	580
T115	580	150	280	280	870	970	180	140	410	890
T116	560	940	860	660	610	540	570	580	860	830
T117	830	620	600	230	990	680	750	550	230	880
T118	860	100	240	430	170	860	810	160	410	850
T119	670	350	550	290	190	390	430	890	710	990
T120	200	270	210	140	970	720	340	940	530	770
T121	290	550	380	540	410	120	690	730	990	730
T122	460	280	570	330	500	500	190	320	750	150
T123	880	100	800	930	750	450	870	920	840	520
T124	220	370	220	830	510	110	890	680	650	820
T125	270	470	880	960	300	140	840	860	950	230
T126	630	730	930	350	410	560	450	220	240	670
T127	990	460	830	490	310	660	430	250	480	880
T128	620	210	540	420	310	510	830	380	480	720
T129	960	470	160	410	440	230	510	120	740	860
T130	710	310	740	620	100	100	670	890	980	750
T131	930	410	860	960	580	670	720	560	710	600
T132	910	260	840	330	640	950	470	270	170	690
T133	500	850	680	800	760	920	650	250	400	680
T134	920	720	610	470	470	190	890	730	230	700
T135	270	480	960	530	240	790	170	110	280	320
T136	140	420	520	320	470	640	410	510	230	180
T137	400	390	510	690	820	730	710	460	800	870
T138	680	610	840	670	900	530	690	140	460	280
T139	580	950	540	870	370	500	480	730	540	970
T140	840	750	460	700	820	210	820	310	470	690
T141	600	350	740	980	990	750	930	370	810	190
T142	950	340	470	520	310	930	720	940	410	430
T143	460	650	250	940	480	340	300	500	720	220
T144	460	380	830	780	530	910	360	730	910	550
T145	420	200	750	610	600	770	240	180	630	340
T146	990	700	300	610	700	630	590	460	930	660
T147	810	350	240	410	250	920	570	690	300	290
T148	440	270	980	950	770	210	590	300	590	800
T149	650	790	500	950	600	750	240	400	700	730
T150	520	380	270	160	830	380	710	760	220	410
T151	950	500	360	890	670	660	890	170	910	160
T152	550	200	330	920	580	970	990	520	940	630
T153	570	910	650	960	920	960	770	360	940	350
T154	730	390	690	800	160	590	210	810	290	320
T155	130	530	590	990	460	370	480	570	370	860
T156	650	130	150	730	130	120	900	110	690	150
T157	410	210	920	680	350	640	960	410	890	740
T158	610	720	950	770	100	730	810	940	140	760
T159	990	980	710	980	550	610	300	830	240	350
T160	680	430	940	110	310	990	440	600	360	970
T161	220	440	360	300	890	830	510	350	880	240
T162	830	600	620	470	990	920	100	470	580	760
T163	960	870	770	120	830	370	520	500	670	650
T164	730	200	410	270	460	320	600	380	160	600
T165	730	960	710	610	270	170	290	370	420	830
T166	800	480	440	900	110	260	650	940	580	550
T167	180	840	970	290	550	150	470	130	530	380
T168	230	640	290	560	560	190	470	810	330	710
T169	540	770	670	430	910	980	570	250	340	610
T170	940	520	570	940	610	930	150	330	360	660
T171	220	760	840	100	960	410	570	820	110	520
T172	840	600	880	920	540	340	250	220	430	700
T173	750	440	170	120	360	470	940	300	230	950
T174	630	690	850	780	850	270	300	640	270	970
T175	760	990	570	980	850	890	450	280	930	640
T176	440	490	310	530	760	770	750	590	530	950
T177	230	140	730	380	850	850	220	110	360	770
T178	320	660	680	240	120	830	380	250	250	430
T179	250	100	700	920	520	130	230	830	630	440
T180	690	590	550	640	580	670	580	240	530	430
T181	860	960	420	290	190	950	190	250	520	970
T182	840	640	150	290	720	750	290	560	850	940
T183	850	280	600	240	440	230	210	950	840	530
T184	460	470	980	540	380	940	400	160	250	150
T185	170	750	150	600	170	730	930	880	730	530
T186	230	970	890	520	650	720	910	580	810	790
T187	380	420	970	940	180	420	580	730	330	860
T188	950	360	440	380	540	950	740	490	550	410
T189	270	440	530	480	330	930	960	530	780	950
T190	610	810	510	320	420	600	150	880	740	500
T191	240	670	110	170	570	320	210	750	500	170
T192	760	140	900	330	420	510	410	690	950	810
T193	420	900	890	370	170	610	480	680	950	840
T194	280	420	650	770	830	610	750	660	880	460
T195	330	510	840	290	680	250	950	360	750	290
T196	660	630	810	640	420	200	990	740	110	970
T197	580	360	310	260	590	370	710	230	330	760
T198	200	190	190	490	700	210	360	980	170	820
T199	810	950	430	680	810	750	200	420	260	350
T200	720	240	150	750	170	130	120	420	630	890
T201	520	290	260	200	610	290	770	740	400	160
T202	550	970	280	870	330	460	150	970	980	220
T203	230	730	640	350	100	110	740	200	300	650
T204	410	960	850	110	520	510	580	230	750	260
T205	320	370	130	750	400	280	740	220	240	820
T206	990	200	440	410	380	780	160	580	160	200
T207	370	390	310	630	610	510	500	570	130	720
T208	450	160	580	460	980	340	920	190	710	630
T209	590	860	310	750	960	780	580	670	140	750
T210	160	200	980	460	150	580	620	450	690	810
T211	100	630	530	480	520	450	750	190	800	280
T212	630	160	740	950	810	840	470	600	250	320
T213	840	590	870	840	530	150	680	710	380	840
T214	650	460	760	660	510	400	440	260	770	470
T215	800	560	520	640	750	720	790	160	890	490
T216	660	560	310	450	480	640	690	900	420	500
T217	120	450	260	680	990	700	910	770	240	250
T218	200	500	390	290	550	780	860	950	910	930
T219	220	480	690	580	630	740	280	680	770	620
T220	820	590	140	890	570	670	590	570	960	380
T221	720	620	190	270	760	130	880	200	840	780
T222	450	820	700	360	630	810	860	550	620	400
T223	270	670	600	690	950	900	960	940	520	840
T224	560	920	370	840	460	900	460	990	250	650
T225	300	360	730	240	720	130	200	480	620	670
T226	520	750	380	910	570	900	920	320	880	280
T227	940	570	550	960	910	350	570	750	580	300
T228	670	740	900	440	500	450	660	200	140	880
T229	220	240	770	470	470	570	100	580	840	760
T230	810	450	510	320	130	260	450	270	640	400
T231	250	510	440	390	910	720	290	400	560	980
T232	630	180	210	640	310	300	980	390	340	930
T233	240	640	420	300	960	300	640	780	970	680
T234	630	100	230	650	690	480	880	100	840	360
T235	160	850	130	320	860	940	940	620	420	630
T236	710	110	810	500	510	790	690	790	830	520
T237	100	500	750	390	630	470	720	330	480	930
T238	810	970	200	620	960	640	200	600	640	850
T239	180	460	990	710	880	490	680	980	820	320
T240	790	900	420	300	880	470	560	950	150	550
T241	860	540	520	140	360	730	160	350	280	110
T242	200	310	460	190	160	200	530	410	240	130
T243	300	700	490	460	830	260	230	760	140	220
T244	740	280	770	890	280	610	140	400	760	960
T245	590	950	410	500	870	150	840	880	490	910
T246	890	990	480	600	290	530	230	990	240	160
T247	480	450	210	530	240	210	640	540	860	950
T248	550	940	440	360	220	900	270	150	250	370
T249	630	620	290	540	340	580	920	560	440	270
T250	220	250	650	220	110	880	870	450	850	930
T251	840	120	550	170	880	290	590	950	170	540
T252	640	940	780	340	830	520	570	570	650	120
T253	180	680	560	920	800	890	680	200	240	440
T254	280	810	630	830	380	470	780	930	120	530
T255	980	340	990	960	240	850	590	490	720	330
T256	680	690	330	400	850	810	990	610	280	340
