	A1	A2	A3	A4	A5	A6	A7	A8	A9	A10	A11	A12
T1	490	980	810	450	580	590	680	580	670	770	660	420
T2	650	230	190	160	300	100	360	670	960	340	900	230
T3	310	740	420	400	260	640	340	680	200	960	140	340
T4	620	320	440	420	920	180	520	910	800	490	420	870
T5	940	590	650	250	410	910	550	280	990	100	860	500
T6	950	610	580	360	360	560	120	810	450	670	130	970
T7	380	140	860	250	620	270	440	800	650	840	330	550
T8	830	710	770	800	710	380	710	330	490	180	120	790
T9	250	970	250	890	810	670	260	950	480	550	320	470
T10	140	170	620	520	340	640	690	690	500	370	400	500
T11	920	240	510	240	830	670	750	870	220	720	160	170
T12	750	890	750	150	280	240	210	110	460	910	250	960
T13	430	940	110	400	130	110	620	340	330	680	570	730
T14	680	490	810	250	420	750	180	650	660	160	880	940
T15	880	620	130	990	420	840	310	250	620	710	460	890
T16	570	470	620	500	650	510	640	360	640	120	650	100
T17	480	690	570	620	760	720	730	290	840	170	380	780
T18	930	480	600	230	870	650	350	120	200	740	870	480
T19	960	520	260	840	770	690	660	830	550	320	670	120
T20	250	970	820	400	750	370	620	390	220	650	700	960
T21	100	380	460	720	680	400	950	240	700	880	710	750
T22	980	590	100	750	410	880	530	890	600	420	910	880
T23	630	140	630	270	700	440	710	890	920	190	180	170
T24	980	470	880	230	700	600	780	190	720	240	620	500
T25	320	430	620	730	460	490	730	550	280	860	590	660
T26	130	120	350	480	240	520	520	860	330	230	720	580
T27	680	370	910	600	170	560	820	550	340	960	550	400
T28	190	570	580	460	760	160	310	150	200	620	620	210
T29	550	150	760	170	390	280	720	210	950	680	190	140
T30	960	870	530	740	630	300	540	230	560	950	300	710
T31	320	200	150	900	160	370	430	970	720	750	460	230
T32	320	510	730	580	540	550	580	960	740	320	490	780
T33	540	870	620	850	760	720	400	680	950	230	170	630
T34	390	940	470	740	260	560	650	610	190	100	610	350
T35	800	810	140	470	130	160	450	830	870	160	230	370
T36	530	720	990	930	850	340	400	230	620	780	710	890
T37	340	960	510	740	340	210	310	490	330	620	640	270
T38	460	710	240	650	100	950	760	460	150	710	330	410
T39	600	820	840	300	590	810	640	790	590	760	920	410
T40	560	190	670	280	400	960	230	980	290	570	610	170
T41	390	650	710	180	160	750	340	440	470	920	650	400
T42	150	720	190	230	700	940	380	110	230	710	840	950
T43	770	530	140	470	980	850	720	580	690	900	620	250
T44	420	320	660	850	960	360	950	500	680	290	170	750
T45	180	150	500	140	820	960	810	110	990	450	800	510
T46	950	560	830	270	660	360	380	430	800	720	450	930
T47	720	170	690	350	150	520	940	150	900	400	920	210
T48	920	150	200	340	200	460	510	600	220	160	690	180
T49	690	950	710	180	210	480	280	990	520	550	160	280
T50	130	740	150	580	750	460	730	330	780	450	150	770
T51	620	190	340	920	230	320	540	550	480	920	400	470
T52	310	970	840	840	870	840	100	390	950	190	280	160
T53	350	200	920	840	380	780	390	940	430	500	470	670
T54	400	450	210	260	950	260	800	830	740	830	980	520
T55	190	630	720	410	250	430	980	630	970	390	940	240
T56	800	980	690	760	190	680	240	300	220	540	960	960
T57	990	410	300	510	480	270	820	310	600	430	990	540
T58	230	270	810	190	790	590	480	600	270	750	600	330
T59	920	190	430	730	330	890	690	600	410	300	900	820
T60	400	750	610	110	550	990	550	930	720	620	160	580
T61	200	400	490	780	790	450	830	130	340	410	450	160
T62	900	850	260	490	760	530	610	200	320	140	810	630
T63	620	630	470	800	170	200	620	460	230	330	900	370
T64	880	960	770	310	160	540	680	920	900	390	240	640
T65	840	660	690	550	570	350	990	940	650	350	330	680
T66	770	180	630	650	900	140	840	860	670	730	950	230
T67	700	560	700	740	150	720	530	450	160	250	930	600
T68	530	450	820	370	670	890	320	210	190	290	540	390
T69	210	740	790	240	510	880	760	840	600	590	850	260
T70	420	420	830	540	780	510	810	110	110	230	170	170
T71	840	880	170	680	390	750	530	830	300	240	740	410
T72	730	450	590	990	770	590	300	750	860	350	210	430
T73	520	230	570	580	320	230	970	460	130	760	610	380
T74	200	550	130	410	980	500	770	430	200	570	760	970
T75	950	500	890	200	810	950	990	500	130	480	620	390
T76	550	430	160	200	540	550	760	930	690	880	440	940
T77	630	140	150	240	100	530	860	530	380	510	400	410
T78	740	150	440	660	700	160	540	240	310	220	500	390
T79	480	440	110	490	120	220	300	100	740	180	430	930
T80	960	310	190	840	140	190	310	820	240	510	340	130
T81	990	470	270	580	580	100	110	960	400	710	320	220
T82	140	390	820	400	100	760	560	300	230	430	200	930
T83	700	920	370	900	280	240	310	260	800	200	210	270
T84	950	910	210	290	560	320	470	650	970	200	980	620
T85	400	870	510	590	960	490	130	360	950	890	550	550
T86	970	370	860	660	670	310	220	220	500	830	580	490
T87	400	460	190	430	720	510	470	870	620	120	740	750
T88	250	260	260	730	460	550	720	160	800	230	470	380
T89	410	570	690	250	770	660	680	780	810	480	330	950
T90	940	350	740	840	200	670	110	330	830	530	740	220
T91	450	800	730	350	890	690	680	770	620	680	500	580
T92	770	720	720	590	240	840	770	340	910	600	590	140
T93	500	750	880	390	400	370	780	640	100	340	130	560
T94	420	650	400	100	100	320	460	530	550	970	560	670
T95	910	950	190	920	450	120	530	340	740	870	940	480
T96	640	950	130	690	770	570	510	400	490	630	860	440
T97	410	410	730	970	710	740	900	180	810	100	520	150
T98	910	470	540	960	240	490	640	150	150	130	670	560
T99	180	760	890	380	390	430	710	680	260	750	160	380
T100	800	560	490	630	100	660	470	530	290	650	640	660
T101	800	860	480	680	550	690	410	880	740	130	510	620
T102	450	180	270	610	750	470	560	980	950	880	510	830
T103	880	100	610	740	470	750	420	370	550	800	850	820
T104	790	530	570	810	850	850	510	140	150	330	400	540
T105	980	400	970	220	310	620	320	150	540	210	470	540
T106	610	560	150	630	170	170	770	150	200	620	350	320
T107	980	140	120	280	330	530	880	690	830	500	440	720
T108	520	450	950	320	290	770	780	160	240	430	390	860
T109	380	430	360	970	580	360	860	720	180	740	650	820
T110	480	790	880	230	330	480	200	740	440	300	350	750
T111	800	100	490	850	500	220	450	660	320	570	170	200
T112	560	710	350	880	870	540	170	370	560	660	260	720
T113	650	620	950	830	280	820	670	870	540	330	340	100
T114	700	930	270	470	250	590	730	460	900	490	240	220
T115	590	530	620	330	170	990	670	360	880	580	230	190
T116	250	650	350	880	670	770	600	830	370	200	930	310
T117	860	270	110	590	300	850	240	890	170	420	850	130
T118	910	340	640	130	830	700	660	150	420	750	230	420
T119	320	140	630	610	280	150	200	680	450	930	670	600
T120	360	490	630	260	560	440	330	210	130	600	170	920
T121	540	390	590	520	740	740	460	180	590	650	450	490
T122	800	100	410	460	490	210	740	650	450	810	670	130
T123	700	200	190	870	170	250	220	260	820	560	380	780
T124	860	360	730	230	530	160	650	850	930	530	410	560
T125	190	790	910	510	290	650	670	850	400	420	750	340
T126	600	260	660	680	680	120	110	220	100	390	870	740
T127	860	230	680	180	690	640	700	530	160	930	870	510
T128	330	550	560	840	870	870	960	550	920	920	220	660
T129	380	950	230	300	510	460	550	190	550	440	320	350
T130	550	750	790	350	320	260	980	760	690	680	580	880
T131	310	410	360	920	200	300	710	800	610	610	380	730
T132	880	660	360	600	680	570	340	360	450	760	360	620
T133	400	890	510	810	150	850	240	520	290	390	910	500
T134	330	640	970	210	150	940	330	150	530	640	940	370
T135	890	820	510	980	200	480	350	280	140	620	960	620
T136	890	790	510	700	570	900	430	930	700	100	470	590
T137	130	280	710	630	220	200	230	120	640	880	610	110
T138	580	940	200	110	770	890	610	560	740	370	100	640
T139	140	450	680	910	420	470	220	570	790	220	280	750
T140	270	980	340	270	760	130	830	860	360	470	660	980
T141	900	460	570	840	680	680	580	600	530	580	920	820
T142	570	310	810	440	650	610	720	990	480	950	390	540
T143	160	260	710	540	130	550	410	410	940	270	730	690
T144	880	490	200	420	450	250	680	710	100	120	870	930
T145	690	300	380	680	350	870	350	510	660	600	160	490
T146	210	570	970	700	790	770	680	950	820	540	630	650
T147	410	160	860	700	620	600	370	640	130	190	600	550
T148	160	930	410	420	130	950	540	270	660	470	510	850
T149	240	210	990	540	680	710	830	410	940	360	610	290
T150	250	470	530	310	640	890	260	500	910	450	510	890
T151	470	140	740	260	880	180	120	720	300	580	350	980
T152	190	480	350	160	410	370	600	720	530	300	400	200
T153	310	310	290	390	670	410	580	100	560	100	190	120
T154	310	920	960	360	800	820	610	580	770	320	630	140
T155	720	290	150	380	400	460	420	150	580	910	130	160
T156	180	900	620	150	760	930	890	820	130	450	150	380
T157	970	850	960	570	240	450	660	290	170	910	540	710
T158	300	790	110	210	330	820	880	110	560	300	260	330
T159	830	460	550	730	950	730	960	910	720	740	420	730
T160	420	620	850	310	380	780	600	130	520	980	970	880
T161	640	430	150	120	110	970	810	350	720	740	390	420
T162	990	860	580	850	980	160	530	280	120	260	660	530
T163	240	330	200	200	110	980	190	790	850	840	670	620
T164	280	470	690	540	270	800	480	370	400	660	990	790
T165	750	690	960	130	390	900	840	170	460	400	680	160
T166	490	840	160	340	120	790	590	960	350	420	240	580
T167	720	100	880	190	350	710	600	650	360	710	420	640
T168	610	800	960	460	270	110	770	480	660	670	160	780
T169	470	320	710	540	480	230	590	180	420	310	630	360
T170	540	680	570	780	460	280	120	690	170	170	640	710
T171	410	880	370	780	250	200	200	720	470	830	850	680
T172	450	880	830	730	580	360	330	660	990	140	690	410
T173	730	360	440	610	260	390	420	260	970	100	960	480
T174	210	920	290	560	920	560	140	160	340	770	560	290
T175	670	690	460	310	260	940	560	290	180	690	540	190
T176	110	320	410	980	770	940	910	520	360	130	190	970
T177	460	880	260	870	760	360	350	520	260	610	640	630
T178	790	870	660	910	220	500	720	750	480	650	600	480
T179	870	430	500	280	670	700	490	600	970	880	450	400
T180	510	350	650	390	830	620	440	240	190	730	220	120
T181	930	870	500	410	150	920	250	640	290	980	900	990
T182	580	310	910	930	920	520	710	840	770	830	670	240
T183	560	340	510	440	990	180	530	740	950	750	480	830
T184	590	540	700	770	180	420	260	670	990	720	230	520
T185	540	580	490	730	740	880	500	910	640	660	620	760
T186	530	140	150	820	460	700	890	510	790	750	230	860
T187	760	680	270	790	630	640	550	210	300	100	110	300
T188	760	260	300	780	550	240	650	790	380	310	580	940
T189	970	620	770	690	150	560	310	390	920	830	360	890
T190	770	950	420	760	840	640	620	540	230	110	730	420
T191	910	280	930	290	490	100	730	550	600	210	140	180
T192	810	930	750	410	710	340	710	760	120	960	110	960
T193	180	210	190	380	570	210	830	740	440	800	510	130
T194	490	460	340	470	440	250	630	130	190	740	990	210
T195	780	310	620	640	760	300	880	410	910	630	580	540
T196	330	900	670	810	810	980	300	260	500	570	630	950
T197	700	460	380	450	100	910	660	590	850	320	440	530
T198	840	790	450	920	470	570	280	160	690	950	480	240
T199	550	830	470	470	820	640	700	110	770	200	270	300
T200	870	700	100	760	420	890	840	730	440	870	700	870
T201	250	920	460	700	590	970	310	700	630	880	720	980
T202	450	800	850	280	190	910	780	720	390	340	380	190
T203	400	450	520	730	450	940	250	500	670	980	420	780
T204	370	500	430	240	880	990	790	940	880	860	340	630
T205	160	820	590	810	290	910	140	260	790	390	940	190
T206	190	780	260	570	210	530	180	680	750	470	830	330
T207	470	500	190	180	330	860	540	600	790	400	890	410
T208	190	650	660	670	460	840	820	590	870	140	530	110
T209	780	840	160	690	610	310	260	830	730	440	710	680
T210	650	670	590	240	950	770	490	960	410	620	280	540
T211	940	460	150	480	480	830	490	750	480	330	200	580
T212	600	460	110	260	340	210	520	730	890	700	170	580
T213	410	340	970	910	790	390	380	260	610	570	460	450
T214	900	250	270	240	220	490	890	330	720	750	300	120
T215	330	430	600	450	540	110	430	840	460	970	400	830
T216	670	830	480	130	540	570	750	510	280	330	440	830
T217	520	280	460	170	520	540	670	280	410	860	290	940
T218	790	640	530	840	320	660	490	400	620	780	960	180
T219	380	500	610	320	540	720	370	100	930	690	680	340
T220	230	170	890	650	990	570	200	970	520	230	890	500
T221	710	840	970	600	610	840	100	330	170	870	150	520
T222	630	540	220	800	910	220	730	480	590	630	830	590
T223	670	960	880	640	700	920	100	820	640	340	330	350
T224	840	270	110	670	860	310	920	920	160	680	540	230
T225	960	140	600	670	290	990	710	350	920	330	180	100
T226	570	170	160	430	640	750	960	910	220	300	890	580
T227	380	460	280	150	120	560	720	580	630	900	580	390
T228	470	970	360	550	840	670	680	850	600	710	830	270
T229	720	890	690	670	250	480	590	440	640	310	580	330
T230	990	380	780	470	460	880	200	620	910	500	170	600
T231	310	100	190	300	530	330	670	190	100	150	660	550
T232	310	970	550	460	410	870	150	170	310	670	190	290
T233	300	940	400	190	180	370	960	370	520	790	790	610
T234	910	770	320	910	530	500	280	350	700	980	520	300
T235	170	940	880	960	990	820	810	310	150	260	750	760
T236	270	570	550	170	320	330	190	410	880	190	110	290
T237	620	610	640	950	650	440	590	690	950	950	580	360
T238	540	450	250	250	480	710	710	920	730	580	670	350
T239	200	550	280	350	370	700	350	480	320	270	170	320
T240	370	740	300	110	120	360	330	380	680	540	940	620
T241	640	690	450	340	170	110	920	560	580	450	890	550
T242	570	340	380	460	940	720	730	560	700	860	280	750
T243	330	180	710	660	860	190	190	560	570	470	530	900
T244	830	540	880	370	970	210	110	480	860	930	210	780
T245	840	570	490	750	560	310	120	140	430	600	500	840
T246	230	870	170	670	980	670	380	130	910	320	240	370
T247	740	130	680	420	200	750	760	460	550	520	390	130
T248	440	580	730	920	280	330	960	270	410	610	660	570
T249	360	380	150	110	750	460	190	730	650	540	560	890
T250	160	260	710	310	290	780	850	500	750	820	770	220
T251	320	320	830	630	330	760	720	420	870	720	600	930
T252	910	570	290	170	910	840	180	580	940	860	390	770
T253	680	630	540	600	820	290	340	930	890	450	570	410
T254	710	340	390	570	450	410	740	590	440	130	460	270
T255	510	830	760	550	840	460	730	170	100	270	760	580
T256	940	500	210	170	440	250	170	870	980	720	960	780
