	A1	A2	A3	A4	A5	A6	A7	A8	A9	A10	A11	A12	A13	A14
T1	520	480	570	300	940	930	500	720	900	650	480	670	710	400
T2	520	520	360	340	140	220	420	730	110	720	560	140	340	830
T3	540	900	720	730	930	840	200	660	650	750	990	460	470	980
T4	370	720	570	740	940	140	680	740	420	240	480	490	410	260
T5	390	870	350	930	320	640	570	590	860	970	320	800	990	280
T6	450	490	990	890	990	140	950	540	540	860	660	120	610	720
T7	900	390	400	920	770	620	470	300	260	640	570	800	690	180
T8	860	870	510	880	510	230	730	940	340	700	520	730	390	410
T9	310	670	330	230	990	330	650	160	930	520	940	900	770	350
T10	970	520	850	770	690	190	990	900	880	370	240	480	340	170
T11	490	640	190	860	830	410	770	560	770	730	280	100	120	160
T12	490	130	570	440	550	790	340	780	670	550	700	730	630	320
T13	680	830	590	340	330	660	480	650	560	980	610	790	830	430
T14	590	190	300	790	980	790	850	530	910	200	670	700	170	930
T15	300	720	180	220	280	570	690	950	730	350	930	720	710	310
T16	140	160	490	280	900	670	160	460	300	310	270	410	510	820
T17	530	550	690	570	950	770	390	640	380	510	360	230	930	340
T18	270	810	400	430	250	980	300	430	330	980	730	770	730	640
T19	960	480	810	750	720	850	230	180	260	730	660	310	900	180
T20	250	250	410	410	350	400	680	660	470	530	770	210	310	820
T21	800	500	780	180	620	950	890	640	510	970	710	200	970	230
T22	430	730	490	300	850	420	610	890	460	330	980	120	340	640
T23	860	350	540	290	720	120	340	590	610	260	100	330	700	420
T24	930	990	230	480	130	420	930	300	140	750	880	330	980	800
T25	600	240	370	570	350	680	300	720	360	900	180	950	210	650
T26	830	270	170	480	870	130	960	300	670	470	860	550	940	960
T27	380	660	320	200	350	510	760	660	690	690	470	890	920	390
T28	700	870	600	770	240	730	680	510	690	820	420	500	730	750
T29	580	780	660	570	250	570	330	520	510	570	790	300	140	910
T30	460	320	690	370	270	800	610	210	100	160	120	170	550	720
T31	420	330	230	400	490	790	280	100	140	830	150	640	730	740
T32	670	540	760	990	810	600	440	350	380	410	100	380	760	440
T33	790	120	890	150	470	250	280	300	660	780	360	170	460	540
T34	210	800	760	100	930	460	780	800	180	380	900	490	210	420
T35	110	730	660	910	480	500	560	680	730	970	460	390	870	570
T36	690	180	170	650	200	670	890	660	220	800	180	980	390	270
T37	350	580	200	210	210	770	690	100	560	780	530	440	120	380
T38	800	810	660	400	980	960	480	420	930	550	900	860	510	820
T39	170	490	530	830	940	870	870	690	290	230	670	340	740	300
T40	770	820	960	900	410	200	680	980	290	480	580	740	510	240
T41	700	560	190	250	900	190	260	490	540	950	610	920	670	240
T42	940	500	650	710	330	810	670	180	930	210	600	200	100	280
T43	910	410	900	970	820	610	650	100	160	860	470	100	820	690
T44	460	820	300	650	290	340	440	400	420	480	980	710	390	310
T45	270	320	650	110	140	890	850	240	590	530	560	780	870	400
T46	620	500	260	430	940	740	650	640	760	840	480	360	940	580
T47	680	830	980	320	900	140	730	160	740	250	930	430	550	250
T48	890	430	170	700	490	220	420	160	230	130	390	380	930	120
T49	500	680	910	240	830	680	450	270	690	870	270	170	190	620
T50	490	900	450	380	960	440	860	150	540	760	250	260	210	260
T51	410	400	740	230	750	460	140	700	920	880	630	650	170	150
T52	510	190	330	150	630	370	660	640	650	380	690	960	590	300
T53	450	650	830	410	170	870	690	940	520	160	650	820	420	820
T54	440	220	930	920	100	940	230	650	710	130	790	110	290	890
T55	540	420	910	790	280	480	890	550	810	420	370	270	470	760
T56	630	180	910	470	810	500	860	490	980	280	260	210	160	490
T57	680	510	750	280	610	210	160	100	410	190	170	780	680	240
T58	360	910	950	500	230	620	470	930	350	780	120	240	520	650
T59	470	410	630	830	320	900	870	490	210	710	630	880	890	660
T60	520	100	960	790	740	670	810	210	150	780	590	560	950	420
T61	290	100	300	960	200	960	760	580	200	860	290	860	270	800
T62	820	150	470	670	430	910	800	410	280	700	790	540	140	460
T63	640	950	190	370	680	500	440	320	330	220	320	780	700	840
T64	210	550	760	350	310	460	540	960	230	880	290	450	190	720
T65	230	720	120	150	380	390	670	820	390	760	490	280	390	800
T66	190	660	270	610	870	990	200	850	310	800	210	680	220	840
T67	780	830	170	210	280	540	420	770	890	900	120	820	160	350
T68	990	460	600	590	700	930	240	550	320	300	740	850	570	980
T69	470	970	720	630	860	400	330	710	660	360	140	460	980	590
T70	270	380	220	560	820	300	940	710	640	800	470	120	620	880
T71	790	160	580	540	760	100	330	370	200	700	840	390	330	930
T72	960	560	360	210	440	800	330	310	880	810	480	600	850	140
T73	310	640	790	150	410	720	350	670	650	840	240	470	130	160
T74	320	480	720	260	220	810	780	140	410	370	350	900	780	990
T75	920	370	180	920	130	860	900	130	140	260	570	380	540	660
T76	320	470	730	250	890	880	910	230	250	420	360	380	180	980
T77	850	910	200	320	670	580	140	230	120	980	210	200	350	790
T78	890	580	340	810	450	660	560	740	170	780	850	760	250	140
T79	340	520	650	410	130	890	610	340	840	240	750	640	650	360
T80	810	430	980	780	710	770	700	260	390	310	690	580	520	180
T81	220	790	960	450	880	870	980	540	900	330	250	550	420	950
T82	950	110	470	180	920	120	300	450	250	920	940	220	220	660
T83	650	970	100	380	410	700	560	590	780	790	170	460	390	670
T84	540	710	930	270	810	420	180	440	850	550	560	620	410	310
T85	240	560	280	810	910	670	100	120	510	510	320	690	430	760
T86	650	840	230	140	960	980	700	120	920	120	690	430	440	560
T87	780	660	820	850	850	560	460	430	930	690	770	370	570	540
T88	810	580	320	270	650	560	980	240	360	560	500	930	510	730
T89	700	740	540	480	730	410	310	150	320	840	990	110	200	720
T90	780	960	880	770	910	810	360	460	450	680	970	740	110	510
T91	970	270	660	600	300	240	220	940	810	800	910	310	310	840
T92	930	780	260	280	800	700	620	850	510	640	970	510	900	430
T93	240	730	420	860	650	260	160	350	530	670	960	710	510	640
T94	580	560	260	100	390	260	850	730	240	730	630	360	700	520
T95	900	840	510	110	310	210	870	370	290	850	220	300	630	430
T96	950	810	980	180	420	190	440	290	940	970	380	390	450	630
T97	450	700	120	590	670	740	910	980	190	250	870	640	710	720
T98	750	310	490	820	790	580	890	990	270	830	790	920	420	220
T99	440	720	240	200	180	670	540	260	890	350	390	490	780	450
T100	680	160	380	210	560	310	830	330	590	110	620	500	670	890
T101	650	740	190	940	790	900	820	700	690	680	600	460	310	570
T102	430	810	470	280	730	870	870	860	780	630	740	820	820	290
T103	850	300	500	310	390	120	580	720	150	870	770	450	360	290
T104	640	840	190	120	610	190	480	850	180	470	230	770	590	600
T105	430	250	850	500	800	260	950	210	950	600	830	260	120	620
T106	550	600	750	780	150	710	620	690	650	970	220	450	370	880
T107	130	150	620	220	430	880	660	540	570	780	140	430	660	880
T108	860	910	180	440	280	240	470	810	410	160	150	420	250	940
T109	700	160	410	290	540	910	670	760	490	920	880	300	560	880
T110	640	500	350	200	450	820	570	870	930	340	260	630	390	720
T111	970	550	830	780	250	470	400	220	310	570	260	390	870	950
T112	290	250	190	200	680	900	680	270	880	110	520	390	570	480
T113	980	470	860	980	810	840	640	900	990	850	920	810	120	820
T114	200	690	290	640	430	490	800	940	470	820	440	380	640	120
T115	760	130	500	190	220	540	430	300	910	790	820	670	970	110
T116	770	140	460	580	580	830	410	570	360	820	650	970	440	680
T117	210	870	520	730	970	480	180	880	880	910	330	150	930	460
T118	260	260	530	810	530	360	140	790	610	800	450	560	420	140
T119	830	850	870	350	460	740	180	880	620	120	110	490	730	860
T120	570	510	950	580	820	330	460	490	530	240	300	860	670	740
T121	300	940	240	500	450	250	900	380	280	140	180	990	650	960
T122	330	140	600	390	190	920	310	630	870	860	140	950	480	270
T123	180	500	770	260	160	590	700	160	850	530	290	550	530	300
T124	850	400	500	430	580	240	670	370	290	390	910	580	790	380
T125	350	120	660	920	400	280	820	960	880	890	450	390	260	260
T126	530	410	230	180	900	250	950	210	730	670	990	960	830	840
T127	230	330	610	330	800	100	430	470	860	890	320	760	520	940
T128	610	240	410	930	750	690	750	740	330	630	960	310	970	410
T129	650	390	990	800	100	270	450	640	800	850	270	720	410	120
T130	810	900	150	250	410	650	910	130	550	490	180	250	670	740
T131	410	800	750	350	900	830	850	720	960	270	720	640	960	540
T132	210	660	790	920	520	590	390	540	630	400	440	480	320	280
T133	670	820	900	440	620	420	300	570	950	150	560	150	800	900
T134	520	680	280	510	320	290	720	110	540	370	540	440	250	370
T135	200	200	870	240	600	900	820	190	250	950	890	210	650	600
T136	190	620	760	250	670	180	420	730	610	120	660	500	210	250
T137	340	640	150	300	240	610	310	300	560	790	260	990	980	860
T138	410	750	970	200	400	620	180	250	120	870	670	310	340	700
T139	440	380	260	570	410	230	390	580	910	560	630	570	320	450
T140	990	630	170	190	710	810	890	960	260	840	690	260	250	460
T141	990	710	470	860	740	260	970	180	270	220	380	190	120	500
T142	280	140	150	570	600	230	200	260	300	570	190	320	520	160
T143	940	180	280	900	190	640	940	880	600	970	900	880	470	770
T144	940	910	260	350	260	430	640	240	850	360	720	670	730	240
T145	530	240	120	390	410	110	570	880	690	100	410	610	930	930
T146	240	500	860	760	590	570	500	200	960	280	200	830	460	790
T147	410	890	910	310	860	990	920	140	910	900	740	460	710	600
T148	500	620	860	220	410	220	970	250	430	400	180	150	830	250
T149	960	130	450	520	620	370	310	550	920	500	540	330	470	110
T150	220	260	490	340	290	920	490	910	950	570	600	400	620	240
T151	890	610	650	140	140	740	810	340	240	160	330	800	820	640
T152	820	920	790	820	120	460	500	570	560	610	390	720	580	380
T153	310	990	700	520	510	310	600	210	360	140	260	640	860	220
T154	280	920	730	270	810	840	770	610	860	530	320	400	790	560
T155	170	260	650	950	590	170	970	680	440	440	860	320	600	990
T156	870	660	870	930	340	780	120	620	360	480	490	940	860	850
T157	630	890	390	990	280	200	320	560	610	580	710	130	700	730
T158	190	560	400	580	760	760	340	690	330	420	180	120	870	140
T159	220	760	590	110	420	340	470	810	330	950	140	150	210	820
T160	630	650	180	640	270	970	920	500	940	790	910	770	750	490
T161	450	850	310	630	790	440	570	220	810	250	430	320	930	680
T162	570	810	650	880	870	200	640	910	120	770	370	850	440	350
T163	100	630	210	580	580	200	890	590	500	450	560	820	550	980
T164	110	210	470	830	310	260	610	540	500	810	550	540	350	970
T165	840	840	690	770	950	340	340	170	550	950	530	950	720	320
T166	490	780	650	550	800	600	520	930	810	790	660	510	990	360
T167	120	720	540	640	370	410	900	260	840	270	920	100	960	430
T168	990	540	960	890	370	360	310	600	210	610	890	980	680	960
T169	840	600	850	480	530	260	320	330	420	710	840	310	520	680
T170	880	530	310	140	740	760	450	750	850	760	870	790	180	490
T171	170	410	920	210	810	550	150	940	320	600	960	670	120	970
T172	130	390	340	480	670	160	960	500	730	980	170	150	470	830
T173	200	720	680	750	610	620	230	210	110	180	740	780	200	960
T174	520	350	370	270	690	670	540	560	260	970	600	140	740	270
T175	190	300	910	500	590	170	510	280	130	510	380	750	460	330
T176	870	930	390	620	650	520	730	880	280	960	160	440	810	970
T177	930	730	690	520	770	610	760	430	100	580	600	850	120	170
T178	120	130	410	530	150	230	140	210	520	490	300	750	600	820
T179	550	940	400	270	510	720	470	280	420	650	450	780	310	890
T180	410	760	630	130	340	300	310	710	110	250	300	740	750	420
T181	830	210	360	730	330	830	390	450	430	440	530	660	770	310
T182	330	270	740	960	820	410	710	610	430	420	990	780	290	590
T183	390	630	470	750	490	710	300	780	830	650	660	540	710	850
T184	330	670	250	440	550	400	560	300	980	730	330	980	890	760
T185	880	970	550	990	910	890	570	640	320	450	210	610	360	890
T186	510	600	690	950	780	100	380	780	910	190	470	930	240	830
T187	810	890	240	800	370	160	460	710	530	270	950	890	950	180
T188	950	980	450	780	310	550	180	130	270	420	360	470	240	730
T189	410	580	170	260	650	620	180	170	660	370	150	390	900	800
T190	870	410	750	170	710	670	310	340	890	200	370	750	820	970
T191	600	290	820	750	840	820	540	830	390	640	110	680	710	780
T192	910	720	970	430	750	400	570	680	650	460	990	960	900	830
T193	860	430	610	400	500	230	170	920	330	100	660	810	880	390
T194	870	920	780	500	360	150	660	370	470	810	470	140	340	410
T195	710	190	340	320	860	850	800	640	350	930	820	700	220	800
T196	610	340	200	920	400	900	240	930	160	200	220	230	540	190
T197	640	940	400	150	240	900	360	500	270	480	820	830	440	990
T198	820	240	280	550	330	420	700	120	190	210	480	420	670	640
T199	710	970	740	550	860	590	540	420	710	330	470	200	690	730
T200	360	580	860	530	320	120	750	610	840	520	480	660	350	520
T201	770	680	140	660	240	610	280	270	510	150	280	540	180	450
T202	620	910	650	650	240	230	100	580	120	420	440	340	190	110
T203	460	620	360	650	620	620	580	210	290	970	240	780	510	570
T204	240	420	990	790	350	230	740	750	770	710	890	210	960	410
T205	490	610	130	930	710	100	460	640	830	920	720	200	680	470
T206	500	770	870	180	520	970	680	870	360	350	780	980	700	550
T207	690	950	230	350	530	790	220	880	870	350	920	370	730	260
T208	930	850	530	960	380	800	860	820	680	350	680	250	650	680
T209	580	950	890	140	970	790	250	390	350	410	310	870	460	790
T210	610	370	720	130	700	940	520	740	500	560	770	340	730	960
T211	730	160	440	930	100	950	400	750	700	720	710	170	570	800
T212	550	760	390	800	360	200	610	610	870	860	360	430	150	170
T213	490	410	230	600	260	280	170	110	620	670	520	520	650	240
T214	300	420	840	900	640	430	400	280	550	640	670	490	170	440
T215	940	150	310	470	570	990	420	540	730	550	930	520	750	760
T216	900	970	700	980	270	780	520	730	990	130	180	180	370	780
T217	520	930	570	830	400	400	660	300	720	660	780	520	610	700
T218	690	320	210	110	190	510	160	470	610	310	730	480	890	140
T219	680	460	430	750	420	600	940	740	630	220	500	380	860	810
T220	640	200	720	700	300	380	590	470	760	390	110	190	240	570
T221	540	830	370	580	690	150	500	440	940	890	670	300	770	110
T222	340	610	690	670	350	480	630	510	690	110	820	710	130	580
T223	720	740	310	750	800	750	560	990	240	190	190	810	610	370
T224	860	800	790	950	500	690	180	860	910	170	980	440	300	980
T225	310	970	540	110	320	560	630	110	730	600	400	870	200	710
T226	300	550	860	360	350	240	360	660	110	220	380	350	540	660
T227	190	170	940	530	160	300	700	120	240	820	440	960	970	680
T228	640	730	620	170	480	510	530	170	630	520	570	900	350	740
T229	500	940	410	510	120	950	170	500	330	270	930	730	320	130
T230	160	860	760	440	140	170	360	640	770	280	840	710	680	180
T231	930	730	570	200	830	800	790	910	440	750	690	470	290	490
T232	900	510	440	280	960	520	640	910	460	290	900	370	500	530
T233	650	730	240	480	650	490	470	800	640	990	940	850	160	140
T234	650	640	360	240	930	180	440	130	120	710	270	170	940	190
T235	270	600	750	580	380	240	240	160	430	570	320	520	470	790
T236	190	460	140	130	510	360	540	610	440	160	260	820	990	650
T237	470	520	140	850	840	170	940	850	440	250	780	900	170	600
T238	590	880	400	390	300	710	160	300	280	360	130	360	560	310
T239	540	530	100	320	870	480	240	420	690	260	240	690	680	470
T240	390	360	900	710	260	890	190	450	140	140	310	470	680	810
T241	970	380	610	660	890	760	280	960	710	440	150	310	770	490
T242	180	290	340	370	780	840	880	390	900	290	900	390	640	290
T243	890	380	810	400	250	950	660	380	410	380	940	690	690	770
T244	720	140	390	530	400	170	730	830	590	750	420	160	470	990
T245	930	900	950	290	610	810	350	470	830	800	420	920	220	630
T246	560	340	810	490	360	690	260	980	610	110	400	380	700	420
T247	520	410	660	730	720	770	640	660	550	590	480	950	370	190
T248	740	480	460	110	700	720	440	130	690	380	770	120	360	190
T249	300	450	590	780	130	480	590	520	370	640	130	790	370	700
T250	910	590	810	130	930	530	540	740	560	710	620	490	580	910
T251	580	390	790	660	520	180	220	860	700	170	580	440	810	720
T252	350	180	890	290	570	400	280	800	640	300	820	360	220	170
T253	850	530	310	400	940	230	790	560	140	850	390	920	430	580
T254	720	940	430	400	820	990	440	800	340	280	770	600	380	660
T255	370	100	530	610	840	100	740	600	940	830	190	630	310	450
T256	780	100	890	330	600	520	810	370	250	690	590	650	550	880
