	A1	A2	A3	A4	A5	A6	A7	A8	A9	A10	A11	A12	A13	A14
T1	500	160	190	740	280	310	470	250	840	220	650	530	100	350
T2	660	330	720	290	730	760	450	880	970	770	820	510	590	340
T3	530	110	290	400	490	360	240	940	830	200	450	800	680	110
T4	110	200	900	950	360	600	480	100	230	530	210	790	540	830
T5	860	700	270	620	380	370	800	600	990	750	820	550	580	310
T6	450	350	650	320	570	710	820	990	900	950	730	600	480	550
T7	190	630	340	740	300	390	940	400	260	370	100	410	870	780
T8	170	260	920	440	920	750	480	410	490	710	400	130	420	960
T9	540	170	140	830	680	950	460	910	450	180	350	390	760	810
T10	710	520	370	100	520	790	720	470	330	650	470	560	260	510
T11	780	660	560	350	390	920	500	430	800	590	280	520	930	730
T12	210	180	740	500	220	790	500	640	270	760	250	280	870	980
T13	470	450	480	640	260	680	140	140	280	940	960	550	190	330
T14	660	890	120	770	670	320	550	330	370	110	550	160	970	220
T15	360	420	340	830	570	540	450	920	400	740	550	220	940	610
T16	700	230	920	650	830	440	430	990	610	530	940	280	990	910
T17	640	810	290	920	880	120	780	630	110	410	370	570	940	100
T18	850	330	640	800	810	820	430	960	930	680	910	380	510	230
T19	320	390	120	230	420	860	550	730	360	910	550	330	230	970
T20	120	890	970	570	410	880	510	690	880	370	360	920	530	820
T21	270	530	260	560	910	530	420	960	890	910	610	670	290	950
T22	500	290	180	520	760	800	290	420	180	830	910	590	700	670
T23	590	520	830	640	440	720	680	120	900	190	380	420	500	530
T24	440	800	900	610	600	640	900	390	400	500	100	620	360	230
T25	250	110	320	580	700	190	210	940	490	540	290	370	380	690
T26	750	910	610	190	750	960	520	240	510	700	710	810	590	130
T27	380	380	200	800	310	470	380	900	100	560	350	660	130	240
T28	950	780	990	260	750	900	560	650	250	940	480	230	600	290
T29	120	270	750	590	300	530	510	440	200	630	750	450	940	270
T30	740	660	670	210	720	110	130	530	620	130	860	560	940	320
T31	570	200	530	980	550	210	550	810	420	390	420	160	170	700
T32	630	890	330	340	110	970	630	360	300	590	710	850	180	200
T33	350	430	640	390	960	710	860	240	740	370	350	830	160	340
T34	890	870	680	280	370	640	640	400	230	610	620	530	840	160
T35	380	420	930	790	400	350	380	820	190	630	740	780	230	600
T36	230	510	540	840	610	690	650	670	430	690	160	800	600	770
T37	860	580	730	540	100	890	760	100	660	450	950	540	830	400
T38	170	580	890	290	470	420	500	400	170	370	610	250	730	960
T39	900	170	420	530	800	220	100	870	150	970	820	590	490	210
T40	580	300	430	910	850	460	400	500	170	460	960	190	600	980
T41	750	850	870	210	340	260	490	160	440	190	380	800	120	450
T42	630	710	120	260	870	190	170	720	310	540	150	190	240	400
T43	490	300	960	360	250	310	700	720	600	800	280	560	830	770
T44	580	440	550	860	380	390	980	920	350	940	130	750	500	670
T45	960	470	620	530	860	660	260	920	130	270	730	950	370	990
T46	320	620	310	380	950	120	140	950	740	610	130	920	300	580
T47	570	250	770	360	230	740	290	750	700	640	750	170	180	520
T48	490	490	370	920	600	380	220	370	160	590	650	400	100	290
T49	540	560	730	170	660	860	460	720	690	120	520	780	910	770
T50	150	310	560	270	660	810	810	430	750	580	380	680	570	720
T51	680	400	510	430	200	150	260	460	940	980	860	200	110	990
T52	830	840	560	350	840	190	290	700	800	240	740	390	290	420
T53	490	160	220	660	850	750	200	960	770	690	590	390	870	420
T54	160	820	470	670	540	520	770	980	620	950	110	920	540	520
T55	820	250	370	770	680	610	310	320	120	230	820	420	590	380
T56	300	940	150	130	930	140	210	300	240	140	830	540	470	240
T57	940	410	930	100	210	920	280	490	720	670	600	290	110	670
T58	510	130	150	750	910	130	840	850	920	110	120	570	890	650
T59	980	980	270	760	690	860	840	660	580	650	700	480	440	690
T60	650	160	900	860	390	190	270	370	610	470	900	740	200	710
T61	200	370	580	710	300	360	930	490	520	460	430	200	590	670
T62	500	770	260	110	340	820	110	500	270	590	660	350	690	790
T63	540	870	530	230	840	150	800	840	970	910	840	840	650	450
T64	930	420	940	810	700	680	500	760	320	360	180	180	540	800
T65	590	430	330	590	280	960	910	950	270	610	590	100	240	640
T66	950	550	240	690	350	480	950	720	520	640	270	920	760	370
T67	110	260	670	700	170	990	750	770	160	400	460	820	660	730
T68	930	120	370	540	110	220	290	410	740	580	770	240	840	170
T69	430	790	630	840	310	440	780	440	830	770	570	760	200	780
T70	630	480	420	920	230	440	820	410	140	130	670	620	610	750
T71	150	900	800	370	370	870	290	710	800	920	770	480	400	680
T72	370	410	290	190	940	630	680	370	350	550	830	440	120	220
T73	580	120	870	810	390	290	980	240	740	440	130	420	550	420
T74	930	570	710	540	280	120	800	660	680	280	580	960	150	460
T75	900	910	470	870	710	920	750	900	280	240	660	200	700	550
T76	900	300	180	960	740	880	490	800	560	630	320	310	660	640
T77	850	310	620	810	220	740	200	270	740	890	560	290	970	200
T78	490	300	280	590	270	460	870	720	370	680	250	900	210	300
T79	970	960	140	510	270	740	610	760	940	770	320	710	690	210
T80	670	180	990	910	300	230	910	250	420	610	960	370	220	550
T81	960	290	250	390	910	710	980	810	270	720	110	840	350	480
T82	930	290	530	570	220	840	440	980	150	440	750	700	330	310
T83	220	560	310	330	110	630	790	370	470	430	910	940	920	260
T84	320	210	970	660	460	560	440	240	510	650	150	750	990	860
T85	570	990	890	240	840	670	210	380	890	860	470	290	470	420
T86	610	180	570	470	190	230	740	580	480	810	600	490	270	200
T87	750	820	410	720	380	720	930	600	380	540	190	550	250	930
T88	210	100	430	540	250	880	120	530	470	460	350	560	340	230
T89	690	240	890	320	760	940	570	350	200	650	290	800	890	210
T90	240	310	810	210	520	620	870	370	890	180	120	570	990	800
T91	260	480	200	510	720	970	660	750	500	180	800	160	160	430
T92	830	240	920	810	890	880	730	980	660	470	300	170	970	580
T93	580	630	790	960	640	460	570	450	360	920	390	250	150	380
T94	710	480	450	810	920	500	810	190	210	270	990	120	150	930
T95	600	100	640	640	750	150	500	310	110	930	920	170	530	390
T96	160	570	840	810	150	560	310	950	960	390	870	780	140	620
T97	680	650	370	780	290	230	650	210	870	330	330	970	290	340
T98	730	620	310	440	600	810	910	930	280	460	500	310	850	620
T99	880	950	650	800	120	210	490	490	980	270	660	970	240	880
T100	580	290	400	900	230	620	480	450	360	890	230	460	170	730
T101	620	540	300	740	910	240	250	110	960	660	960	160	420	630
T102	180	980	340	680	110	870	160	430	930	690	180	260	310	500
T103	800	470	290	820	280	600	260	670	390	110	400	850	240	590
T104	380	270	210	380	220	640	470	350	790	250	900	130	300	110
T105	150	600	630	200	110	150	450	230	410	900	190	280	400	170
T106	800	400	770	150	910	290	510	260	720	410	670	150	930	440
T107	630	860	260	450	960	650	890	380	790	710	550	460	280	500
T108	600	280	150	600	380	430	780	330	700	290	620	810	530	680
T109	510	830	790	180	960	210	220	110	150	310	810	340	640	370
T110	100	830	310	920	790	610	980	870	400	390	220	760	360	270
T111	290	390	100	460	810	920	650	500	720	300	570	160	270	710
T112	910	450	980	580	390	560	750	350	520	180	560	920	920	970
T113	690	490	180	630	200	560	150	630	700	150	660	810	120	420
T114	610	720	940	830	960	490	500	950	940	240	440	500	820	870
T115	320	550	720	690	800	340	870	810	590	470	500	380	430	600
T116	270	740	240	670	390	370	820	750	430	470	650	420	670	320
T117	300	810	580	460	120	200	960	720	800	350	280	430	960	800
T118	320	870	200	470	630	370	240	420	470	480	800	840	680	420
T119	120	660	330	850	870	690	690	950	200	350	420	170	870	830
T120	390	500	610	300	880	920	560	280	760	700	370	280	180	470
T121	400	630	180	850	160	320	610	230	700	910	580	860	260	230
T122	410	580	470	130	320	940	890	320	670	590	910	690	640	350
T123	160	800	290	320	780	290	610	860	350	520	140	250	700	840
T124	790	390	480	850	710	170	230	700	450	250	400	420	740	500
T125	790	450	740	490	830	170	680	180	480	420	480	240	930	590
T126	100	130	590	850	120	350	230	920	350	140	910	610	540	450
T127	110	710	260	950	260	440	100	500	220	720	530	450	330	930
T128	980	910	820	800	690	210	270	340	980	920	360	260	280	620
T129	990	490	750	470	140	250	820	960	140	860	990	200	860	300
T130	980	530	570	690	290	650	800	560	720	390	220	780	580	210
T131	330	560	170	420	400	360	980	590	530	660	670	820	990	790
T132	490	550	560	270	220	820	790	610	770	770	590	990	370	860
T133	720	180	800	270	530	280	720	470	690	260	510	680	190	600
T134	750	140	840	260	750	140	560	340	700	700	240	890	680	830
T135	270	500	370	620	500	200	690	220	240	880	240	190	100	750
T136	380	430	310	980	300	800	450	340	120	990	450	410	850	790
T137	580	590	210	280	730	970	140	130	520	170	510	130	520	300
T138	230	550	870	750	840	810	730	770	210	470	400	950	850	530
T139	960	380	700	910	140	520	120	400	450	450	350	810	800	690
T140	610	650	650	870	690	870	130	630	630	470	400	510	810	200
T141	900	400	260	800	350	600	710	870	180	950	910	760	150	840
T142	380	970	280	810	950	470	880	380	770	410	710	420	340	130
T143	220	340	200	210	340	840	210	610	280	190	740	960	880	950
T144	450	900	710	900	760	760	200	840	460	640	390	650	620	250
T145	550	310	680	370	680	980	690	960	150	730	240	660	300	580
T146	800	280	810	910	380	960	460	860	390	640	700	260	280	980
T147	960	380	490	770	430	770	780	340	490	590	970	820	490	270
T148	460	200	290	120	730	340	200	540	650	510	900	900	820	640
T149	270	210	750	450	500	420	110	920	610	550	380	170	430	490
T150	210	520	100	930	340	760	680	940	950	940	230	730	730	860
T151	140	540	760	450	950	880	130	920	100	320	750	970	100	940
T152	140	380	890	500	450	730	710	850	760	350	490	290	420	480
T153	590	620	990	100	230	840	940	650	270	230	760	250	320	680
T154	680	830	100	200	310	850	960	140	350	420	200	700	550	750
T155	840	650	470	180	300	720	260	800	270	110	410	270	120	530
T156	970	170	640	680	900	660	400	820	210	770	370	540	940	330
T157	520	410	240	990	220	250	880	920	500	790	960	120	410	840
T158	340	650	260	810	200	450	730	600	160	350	470	410	630	140
T159	470	400	130	580	720	980	720	990	190	180	240	360	900	340
T160	770	240	730	770	930	360	760	890	710	700	360	670	880	210
T161	530	240	610	980	100	790	820	550	180	140	860	720	190	200
T162	690	320	620	110	150	400	750	450	300	580	540	810	550	340
T163	630	730	660	150	960	750	250	340	260	660	490	290	190	380
T164	570	750	210	280	940	690	440	860	890	500	790	420	370	450
T165	810	860	200	160	980	580	750	770	430	180	360	860	490	980
T166	950	840	330	580	240	960	200	830	120	260	650	840	240	960
T167	780	500	360	140	720	470	640	930	610	700	900	200	560	430
T168	740	860	850	180	600	440	810	270	590	120	970	350	180	480
T169	830	950	990	480	340	590	850	480	270	940	680	840	750	660
T170	630	470	400	400	190	980	830	160	920	730	240	180	250	660
T171	220	250	590	440	960	570	910	180	370	520	200	290	430	200
T172	560	920	110	120	450	230	820	340	650	480	760	760	990	120
T173	600	490	930	730	810	980	660	480	340	320	290	950	560	220
T174	200	830	210	760	160	790	670	380	180	620	730	580	950	960
T175	200	630	120	930	630	690	510	160	690	810	800	350	830	980
T176	590	240	650	490	460	960	550	410	730	370	460	420	290	190
T177	440	650	530	960	710	780	420	980	850	330	420	600	590	190
T178	900	420	320	270	700	590	340	140	320	810	890	930	850	400
T179	450	870	420	830	100	450	820	830	440	120	490	870	480	940
T180	370	520	910	680	330	880	100	600	930	450	930	180	650	100
T181	110	740	680	670	530	980	100	500	580	150	310	610	800	670
T182	800	180	540	820	140	900	460	310	240	380	620	360	150	750
T183	440	140	660	860	910	900	290	620	110	460	890	190	350	280
T184	130	160	850	190	980	970	860	690	260	760	200	380	200	110
T185	410	310	150	440	300	480	240	510	690	310	860	720	760	870
T186	870	350	450	590	540	480	770	770	400	800	510	740	980	240
T187	130	170	280	150	280	800	540	680	230	120	780	750	190	340
T188	390	610	740	150	210	970	230	270	430	750	810	400	950	890
T189	190	360	440	930	510	330	820	650	170	630	390	120	690	220
T190	980	720	180	670	930	990	370	950	270	210	620	180	120	770
T191	790	710	820	350	920	510	740	320	620	320	480	640	810	650
T192	350	140	280	270	720	330	730	370	960	570	720	970	580	650
T193	650	720	990	880	540	980	350	390	410	750	330	710	940	130
T194	190	470	790	580	940	330	970	840	150	250	550	970	340	920
T195	480	420	510	520	940	490	370	320	680	610	980	850	350	240
T196	660	500	920	620	110	940	770	640	790	160	780	890	240	840
T197	780	450	200	810	540	240	770	490	880	770	740	740	920	830
T198	830	290	310	500	460	920	980	390	170	200	930	990	170	460
T199	270	620	270	790	910	110	230	320	160	100	470	750	950	150
T200	580	810	530	210	240	460	700	120	120	510	160	150	330	310
T201	810	420	850	610	720	830	610	660	740	710	260	620	380	800
T202	330	120	540	730	720	900	850	120	460	920	100	850	680	940
T203	200	400	320	320	350	230	930	140	280	460	680	500	500	880
T204	340	520	720	280	770	970	950	450	320	300	260	290	250	790
T205	570	500	830	690	600	920	350	530	910	110	880	690	570	290
T206	270	200	490	610	580	710	460	550	190	150	770	860	260	320
T207	210	850	480	990	500	690	250	520	120	450	430	660	620	100
T208	950	340	120	260	700	490	350	210	490	350	220	300	520	840
T209	950	670	140	260	670	540	530	490	210	680	200	420	930	450
T210	700	540	630	930	960	370	750	920	880	730	890	500	380	750
T211	940	310	540	860	330	530	440	740	750	200	760	940	550	620
T212	680	240	170	590	220	480	610	380	100	110	900	240	690	160
T213	630	720	940	670	230	810	420	910	920	380	800	200	340	670
T214	350	790	330	970	350	780	120	240	920	170	990	550	870	890
T215	700	440	330	510	970	980	800	980	420	510	120	780	310	940
T216	790	390	550	750	860	700	800	600	260	600	720	220	740	590
T217	650	370	710	230	190	230	130	100	900	480	140	350	490	280
T218	790	310	960	780	450	460	780	610	940	990	320	280	170	180
T219	280	330	160	490	830	600	430	410	500	390	210	210	670	130
T220	400	330	520	890	540	910	940	570	290	630	630	530	390	880
T221	240	890	160	470	720	460	220	580	270	490	410	110	870	670
T222	990	220	380	100	780	630	470	670	200	550	830	910	890	600
T223	530	100	360	400	100	330	600	910	600	650	620	820	520	170
T224	920	120	230	530	450	710	990	310	370	410	540	770	850	590
T225	520	850	300	510	900	220	330	420	910	120	130	330	480	180
T226	620	520	470	460	170	360	870	250	950	140	540	970	580	790
T227	590	180	510	150	370	720	360	430	430	820	440	610	290	910
T228	960	510	310	610	590	850	230	520	550	530	900	710	530	820
T229	230	970	340	300	390	880	150	520	900	320	400	160	470	750
T230	230	640	320	920	200	910	240	290	280	200	230	130	100	130
T231	940	200	680	350	190	860	900	760	260	670	560	840	760	600
T232	270	760	890	470	370	370	220	250	230	300	910	350	480	460
T233	260	310	240	620	580	530	780	690	650	490	370	590	860	280
T234	370	110	830	350	960	860	520	920	230	760	700	320	330	950
T235	960	440	280	490	500	350	270	810	240	430	260	540	800	350
T236	740	490	340	150	570	140	270	260	830	580	170	830	670	300
T237	400	720	330	120	600	450	660	400	740	680	110	980	200	320
T238	680	830	550	160	310	580	330	330	690	310	430	540	720	120
T239	310	710	590	360	890	410	450	900	490	870	810	290	340	480
T240	640	830	360	260	420	780	330	180	370	680	660	160	390	660
T241	910	620	630	110	120	100	870	500	250	420	820	920	400	120
T242	210	470	100	930	240	360	810	650	430	930	110	580	560	410
T243	800	530	750	250	560	130	140	540	110	140	610	630	180	240
T244	600	180	500	270	570	710	200	270	980	620	350	750	200	180
T245	770	280	530	350	150	340	710	260	810	850	900	810	430	600
T246	320	240	350	420	970	410	700	310	770	200	530	720	690	650
T247	200	430	100	680	480	220	210	780	190	900	730	230	330	790
T248	860	980	490	920	230	860	630	450	980	480	540	400	940	500
T249	820	420	700	840	770	850	320	360	230	910	350	280	310	940
T250	770	500	810	950	670	370	280	720	670	680	160	330	320	570
T251	860	440	170	860	930	910	110	370	370	400	750	300	990	500
T252	530	400	190	380	630	570	780	340	370	960	910	860	480	930
T253	170	140	800	240	560	920	510	350	690	640	530	220	580	560
T254	530	740	210	580	640	870	620	990	500	520	340	240	830	170
T255	520	680	270	230	530	430	630	900	640	290	650	540	700	340
T256	730	130	990	140	780	800	270	460	420	240	830	950	650	250
T257	220	350	640	950	840	330	300	750	340	620	200	410	500	160
T258	120	380	530	510	400	470	480	730	780	350	590	980	770	420
T259	450	450	630	460	450	600	370	300	800	760	490	190	820	680
T260	230	490	350	580	780	780	460	730	780	960	200	460	420	950
T261	890	640	960	350	740	670	730	160	690	800	770	600	870	340
T262	790	740	780	770	580	660	920	930	110	990	210	790	740	100
T263	180	490	230	530	700	730	790	420	840	840	780	150	270	850
T264	280	690	150	870	590	520	550	760	760	110	960	420	300	220
T265	860	190	120	760	380	240	730	530	510	580	240	370	190	560
T266	350	800	710	530	870	310	930	410	790	400	190	370	100	950
T267	350	670	500	600	170	100	650	160	380	700	660	930	630	910
T268	590	660	390	300	890	330	240	810	530	170	690	150	610	210
T269	620	670	610	750	620	960	840	280	440	950	670	350	890	310
T270	710	120	700	120	590	480	440	560	660	330	570	480	360	930
T271	400	270	610	270	670	110	950	530	620	210	620	660	190	960
T272	890	580	630	310	810	830	390	750	620	780	620	350	890	640
T273	800	630	560	980	110	840	750	670	100	180	140	630	910	830
T274	430	720	120	890	470	440	500	980	270	770	910	140	560	180
T275	590	910	680	630	840	760	970	570	270	190	970	940	460	710
T276	700	800	220	980	420	340	240	260	590	110	110	580	550	170
T277	710	490	570	970	170	560	310	210	690	690	700	610	190	270
T278	820	350	980	890	200	910	110	910	140	780	870	200	840	820
T279	880	780	190	530	440	470	930	490	470	130	640	230	640	200
T280	880	880	620	460	480	800	290	680	410	310	100	750	430	820
T281	310	740	230	220	300	350	260	580	390	690	700	440	120	940
T282	200	910	310	670	550	680	310	300	200	240	880	880	260	640
T283	100	920	360	110	600	990	190	730	270	540	520	330	160	180
T284	280	310	750	320	690	810	980	550	720	350	410	560	320	510
T285	800	910	340	200	380	620	820	290	350	190	870	920	830	360
T286	850	790	120	860	490	590	990	570	730	250	210	340	190	820
T287	580	400	110	150	200	340	700	720	550	440	510	420	840	460
T288	940	480	820	420	530	690	490	610	660	350	860	710	730	940
T289	770	230	970	900	840	750	710	250	650	760	440	480	620	670
T290	820	480	530	760	770	610	260	170	910	410	810	980	320	800
T291	360	640	630	200	220	810	740	790	130	920	690	160	350	340
T292	890	510	770	800	340	340	630	120	580	270	980	450	860	350
T293	850	180	460	250	380	630	650	520	460	730	320	570	580	620
T294	430	150	330	260	680	300	840	270	160	210	630	380	500	100
T295	350	720	450	850	610	620	290	230	410	350	100	920	580	760
T296	310	420	800	580	350	820	670	770	100	270	560	780	680	380
T297	180	160	210	210	180	550	910	950	280	340	640	860	830	970
T298	130	170	970	160	460	750	700	770	980	630	800	370	670	100
T299	490	230	340	290	390	510	830	420	590	570	900	250	480	560
T300	590	420	440	240	410	820	540	850	740	200	290	960	540	540
T301	660	300	710	190	790	150	420	200	710	380	200	310	940	850
T302	370	640	540	300	310	510	990	470	970	810	800	500	300	220
T303	320	110	430	510	220	990	120	180	430	510	170	920	900	600
T304	940	950	750	620	480	900	160	430	880	580	660	780	680	320
T305	590	210	370	610	450	800	850	250	100	380	520	390	190	140
T306	520	230	260	730	650	820	510	710	680	230	520	360	550	550
T307	760	350	130	770	210	420	570	180	560	210	740	850	880	620
T308	430	850	190	690	600	850	810	970	870	840	530	470	710	800
T309	720	650	830	750	200	810	510	140	240	520	710	290	660	300
T310	300	960	470	140	310	690	130	210	870	310	810	430	410	590
T311	250	900	220	690	940	640	900	810	800	210	580	650	780	110
T312	570	770	930	470	540	900	450	450	990	560	880	140	170	730
T313	450	550	810	410	740	100	530	490	190	830	180	610	790	950
T314	590	690	200	540	260	840	600	280	370	520	550	990	790	100
T315	590	920	920	740	660	250	820	850	590	650	790	120	540	140
T316	840	650	700	770	120	250	570	830	570	850	230	170	490	300
T317	900	580	690	630	800	350	300	790	490	150	410	980	240	610
T318	620	760	210	360	590	780	860	450	710	570	480	260	910	920
T319	750	990	410	780	430	130	160	890	460	670	250	490	980	920
T320	320	140	940	630	180	570	190	910	750	680	520	380	860	870
