	A1	A2	A3	A4	A5
T1	550	980	420	240	190
T2	160	230	250	470	220
T3	600	300	350	340	510
T4	720	960	190	810	310
T5	860	370	630	920	920
T6	900	910	830	590	860
T7	240	710	450	580	450
T8	900	940	440	840	890
T9	560	180	470	610	840
T10	790	590	560	660	860
T11	750	270	660	910	470
T12	120	980	640	960	310
T13	970	270	970	980	680
T14	210	520	960	640	910
T15	320	270	430	160	110
T16	580	890	680	710	940
T17	340	350	500	840	830
T18	570	580	630	330	170
T19	100	540	430	450	760
T20	720	590	280	300	340
T21	790	990	570	620	360
T22	220	810	560	300	660
T23	690	200	500	710	990
T24	250	530	630	230	460
T25	140	680	890	770	540
T26	260	390	260	680	870
T27	180	660	190	960	800
T28	220	890	700	290	570
T29	640	830	920	100	690
T30	390	440	210	790	720
T31	130	980	330	900	940
T32	750	630	970	650	410
T33	700	200	240	390	600
T34	420	610	620	970	940
T35	460	300	360	740	290
T36	830	110	590	390	140
T37	260	780	510	750	740
T38	560	850	260	910	370
T39	540	280	960	350	570
T40	640	600	570	330	700
T41	340	480	910	410	640
T42	820	960	150	210	370
T43	520	900	550	760	300
T44	470	760	820	370	830
T45	730	940	660	890	700
T46	700	730	320	390	320
T47	650	670	470	130	830
T48	700	600	530	580	850
T49	370	720	840	200	890
T50	280	470	290	420	370
T51	550	120	310	110	890
T52	670	540	950	190	210
T53	920	930	510	390	710
T54	690	620	580	790	380
T55	560	440	970	310	960
T56	520	710	500	640	110
T57	740	410	150	410	120
T58	550	570	760	100	610
T59	290	770	460	740	240
T60	970	360	280	300	240
T61	440	720	730	610	380
T62	970	270	580	680	250
T63	410	320	520	240	210
T64	310	880	730	490	970
T65	930	350	540	280	110
T66	180	590	560	990	780
T67	510	860	360	730	200
T68	520	220	720	470	700
T69	880	400	820	700	920
T70	430	350	340	330	960
T71	250	560	580	800	860
T72	910	900	810	440	480
T73	780	970	750	910	990
T74	940	720	980	320	100
T75	670	810	290	560	100
T76	270	390	160	800	570
T77	980	800	240	160	950
T78	280	260	470	540	680
T79	950	220	210	690	230
T80	760	910	460	870	920
T81	290	790	230	140	820
T82	220	610	140	290	660
T83	510	640	460	370	220
T84	820	910	370	630	380
T85	270	620	270	990	770
T86	590	630	430	860	200
T87	960	410	480	510	910
T88	470	210	890	880	390
T89	150	490	910	590	530
T90	490	970	460	330	100
T91	940	670	480	340	170
T92	730	230	480	570	620
T93	370	210	160	380	940
T94	470	680	790	480	570
T95	580	990	140	300	640
T96	660	470	330	100	510
T97	100	610	740	130	720
T98	470	810	630	990	790
T99	990	600	740	860	900
T100	920	910	500	120	670
T101	600	620	610	370	280
T102	650	940	180	990	170
T103	240	320	450	800	270
T104	360	370	270	550	570
T105	380	390	110	900	960
T106	880	760	360	180	100
T107	940	360	700	730	140
T108	650	260	490	740	380
T109	430	480	750	970	550
T110	360	300	760	600	560
T111	690	380	560	670	960
T112	520	680	880	340	410
T113	170	340	650	210	520
T114	940	310	850	920	440
T115	460	880	140	700	830
T116	860	180	720	170	270
T117	620	890	980	950	130
T118	910	220	810	800	950
T119	890	210	970	670	470
T120	750	990	280	240	660
T121	850	880	270	860	160
T122	220	780	250	970	500
T123	630	270	670	920	360
T124	400	430	660	270	220
T125	640	250	900	430	520
T126	780	390	260	460	810
T127	440	150	130	880	890
T128	910	340	560	190	290
T129	530	420	370	160	770
T130	540	570	930	760	340
T131	350	460	490	460	130
T132	410	660	220	440	860
T133	920	320	590	510	560
T134	810	950	550	600	720
T135	240	800	400	750	170
T136	460	260	920	360	700
T137	890	960	350	200	140
T138	240	370	600	200	840
T139	990	140	950	940	460
T140	460	840	560	980	200
T141	960	950	910	220	820
T142	130	250	690	550	800
T143	420	480	800	710	680
T144	560	200	140	320	830
T145	340	360	100	970	760
T146	510	770	160	770	650
T147	710	890	730	500	780
T148	310	340	940	860	850
T149	470	490	360	560	160
T150	820	570	520	560	650
T151	280	850	490	530	580
T152	610	240	360	930	570
T153	280	310	560	660	410
T154	550	380	490	490	650
T155	980	240	420	960	200
T156	600	250	100	400	390
T157	980	450	250	190	570
T158	520	290	720	290	530
T159	470	990	430	270	620
T160	590	100	440	340	170
T161	360	790	400	870	480
T162	670	440	530	920	470
T163	640	640	880	810	920
T164	380	190	730	860	170
T165	210	610	710	100	560
T166	160	960	380	190	990
T167	220	380	110	640	750
T168	380	490	230	990	360
T169	940	280	540	660	210
T170	640	150	380	860	850
T171	470	140	660	940	270
T172	790	270	480	180	970
T173	970	810	800	580	390
T174	840	850	640	620	820
T175	330	850	260	790	830
T176	240	290	330	490	310
T177	870	920	730	510	880
T178	150	690	300	500	860
T179	500	600	610	340	200
T180	440	480	830	530	270
T181	100	390	680	520	860
T182	210	680	970	320	870
T183	940	820	400	840	820
T184	150	440	180	610	850
T185	380	440	830	860	240
T186	290	270	630	800	670
T187	710	310	370	880	890
T188	900	720	270	410	490
T189	260	790	640	570	440
T190	470	400	490	240	200
T191	490	440	950	740	820
T192	320	850	810	370	650
T193	730	840	200	680	780
T194	410	770	110	610	750
T195	600	240	370	180	440
T196	450	680	900	370	380
T197	650	180	670	600	560
T198	390	470	420	630	220
T199	150	590	840	980	450
T200	220	190	220	850	260
T201	280	480	610	930	370
T202	690	850	810	900	460
T203	340	560	700	280	670
T204	780	220	300	930	550
T205	260	730	920	390	200
T206	410	220	230	270	990
T207	320	200	860	810	930
T208	270	620	460	830	130
T209	110	850	390	820	920
T210	440	350	340	340	480
T211	180	570	640	830	940
T212	430	220	210	280	160
T213	420	950	930	190	660
T214	170	250	380	260	790
T215	850	250	520	900	800
T216	550	480	690	790	640
T217	220	740	870	160	770
T218	320	170	750	580	540
T219	250	700	450	260	580
T220	700	170	990	370	150
T221	490	890	290	490	460
T222	460	610	620	670	150
T223	220	160	500	170	580
T224	620	680	160	280	520
T225	480	560	410	190	720
T226	370	220	430	190	250
T227	410	850	380	740	320
T228	670	900	160	730	720
T229	980	740	550	580	620
T230	390	390	680	660	590
T231	770	110	170	880	780
T232	540	630	270	690	140
T233	790	280	930	100	910
T234	100	260	350	650	760
T235	950	970	960	930	310
T236	290	830	110	760	880
T237	620	230	610	330	250
T238	520	800	200	700	380
T239	810	830	190	520	890
T240	890	230	690	960	260
T241	910	400	650	700	920
T242	580	840	260	260	110
T243	720	120	240	150	610
T244	920	690	340	680	100
T245	740	990	860	710	500
T246	700	150	770	410	280
T247	170	390	580	180	950
T248	570	100	850	240	150
T249	190	540	950	730	990
T250	610	690	440	540	860
T251	170	780	310	670	720
T252	290	250	880	990	290
T253	150	500	640	260	310
T254	200	440	770	790	440
T255	430	140	840	910	550
T256	860	390	300	940	750
T257	540	210	360	390	550
T258	900	940	680	590	250
T259	190	780	960	230	870
T260	730	170	990	760	430
T261	320	450	230	120	610
T262	530	690	800	320	480
T263	410	530	710	290	760
T264	910	610	100	290	410
T265	940	520	200	310	480
T266	800	950	370	120	300
T267	210	890	950	900	850
T268	590	630	120	400	530
T269	850	410	940	650	540
T270	900	950	660	160	950
T271	990	870	930	890	140
T272	310	150	920	370	230
T273	500	920	550	260	230
T274	950	470	620	750	720
T275	300	410	440	320	780
T276	820	990	830	990	330
T277	970	170	880	300	830
T278	690	840	890	110	470
T279	980	240	150	570	630
T280	580	270	250	330	140
T281	410	830	140	650	710
T282	910	760	750	300	820
T283	890	580	880	970	640
T284	420	290	980	820	730
T285	940	430	440	500	270
T286	420	350	140	800	600
T287	300	860	100	130	630
T288	460	380	140	790	530
T289	350	150	830	580	230
T290	450	310	560	280	890
T291	690	460	160	880	260
T292	730	370	470	590	990
T293	840	430	510	890	240
T294	140	170	440	230	860
T295	960	200	590	190	300
T296	630	250	280	530	770
T297	440	580	840	700	420
T298	110	310	450	480	790
T299	370	460	900	180	100
T300	370	460	160	550	620
T301	640	560	710	240	130
T302	320	630	690	380	580
T303	640	810	250	710	640
T304	980	720	930	410	300
T305	730	550	460	160	420
T306	280	780	140	150	750
T307	570	360	730	560	370
T308	350	180	410	920	610
T309	520	720	270	920	620
T310	750	880	240	480	440
T311	380	410	650	170	560
T312	510	330	790	900	940
T313	670	770	540	850	230
T314	590	990	820	290	850
T315	860	950	260	880	240
T316	340	960	800	640	510
T317	120	650	690	110	570
T318	520	870	790	780	290
T319	330	750	340	790	180
T320	920	830	730	520	270
T321	720	220	150	310	580
T322	410	970	410	750	490
T323	760	810	410	300	900
T324	840	250	160	990	430
T325	820	340	640	840	560
T326	890	130	440	550	500
T327	830	890	570	150	260
T328	860	700	180	200	130
T329	410	240	650	580	710
T330	540	210	150	720	360
T331	110	320	460	840	760
T332	620	490	190	510	760
T333	740	820	370	200	530
T334	910	830	360	700	780
T335	280	610	780	590	810
T336	150	830	920	420	990
T337	920	210	590	320	400
T338	880	610	820	860	500
T339	290	800	560	650	740
T340	510	790	860	320	820
T341	210	640	860	370	290
T342	690	680	340	910	230
T343	660	120	760	710	530
T344	820	950	110	780	930
T345	230	620	870	730	750
T346	730	600	850	960	900
T347	670	630	760	840	650
T348	230	210	570	420	940
T349	990	540	540	690	420
T350	710	200	120	440	550
T351	440	300	400	180	200
T352	780	980	940	820	340
T353	830	550	730	920	570
T354	960	650	390	570	290
T355	720	790	870	670	220
T356	830	750	100	970	220
T357	900	670	170	950	780
T358	890	630	210	600	990
T359	710	660	410	880	870
T360	330	570	530	680	300
T361	650	960	390	150	180
T362	200	240	760	600	720
T363	100	180	140	980	620
T364	270	430	130	810	930
T365	590	550	910	180	950
T366	380	540	720	160	450
T367	170	950	240	790	600
T368	660	510	400	950	190
T369	320	310	760	360	610
T370	980	900	930	730	300
T371	860	410	430	440	890
T372	140	900	590	770	300
T373	730	510	500	700	390
T374	430	390	650	590	760
T375	200	200	480	310	500
T376	960	820	410	880	790
T377	550	220	190	970	990
T378	820	800	720	560	250
T379	800	260	990	920	810
T380	990	190	850	570	810
T381	260	790	330	480	360
T382	320	930	320	670	790
T383	650	610	700	150	650
T384	100	830	570	300	520
T385	670	270	430	550	690
T386	680	400	830	770	170
T387	410	350	670	150	120
T388	620	920	860	420	120
T389	140	520	910	270	590
T390	640	630	690	740	210
T391	720	800	550	820	200
T392	400	830	820	850	150
T393	160	130	310	430	680
T394	610	860	800	430	380
T395	990	100	160	890	570
T396	230	330	630	510	500
T397	750	980	190	580	840
T398	180	720	680	380	480
T399	190	250	470	100	970
T400	520	280	130	900	430
T401	490	270	410	280	940
T402	190	840	590	230	620
T403	440	720	880	160	510
T404	950	460	990	580	910
T405	640	830	700	750	920
T406	770	120	780	350	690
T407	130	100	320	240	890
T408	450	240	740	270	360
T409	220	460	960	650	750
T410	250	630	910	710	440
T411	530	690	280	140	700
T412	320	690	820	770	470
T413	350	640	670	150	640
T414	500	220	400	420	390
T415	520	780	940	180	320
T416	660	680	820	290	890
T417	650	950	710	780	600
T418	800	290	660	340	200
T419	450	110	500	150	680
T420	310	470	800	910	670
T421	750	170	930	420	890
T422	210	760	590	470	530
T423	720	580	220	570	330
T424	350	710	240	510	700
T425	520	470	290	860	570
T426	310	990	840	420	730
T427	270	150	280	380	330
T428	270	880	700	870	220
T429	310	250	120	780	650
T430	380	830	880	380	390
T431	490	410	150	800	280
T432	770	460	390	710	850
T433	490	450	840	290	760
T434	850	280	870	990	980
T435	460	820	960	480	590
T436	500	880	480	900	490
T437	330	510	280	560	830
T438	290	280	830	230	150
T439	570	910	380	740	930
T440	850	300	990	100	340
T441	920	620	940	980	120
T442	710	490	570	800	220
T443	380	700	540	800	210
T444	330	790	980	110	170
T445	590	810	190	400	390
T446	830	340	610	670	140
T447	670	430	270	630	360
T448	310	440	510	730	250
T449	420	130	560	420	130
T450	830	920	170	630	280
T451	970	840	780	240	890
T452	820	500	580	670	490
T453	570	740	950	590	800
T454	930	500	690	740	850
T455	690	410	610	900	130
T456	580	390	970	550	600
T457	460	380	260	330	340
T458	440	760	980	640	380
T459	180	790	440	160	490
T460	530	900	810	420	770
T461	380	700	690	490	640
T462	410	600	200	590	880
T463	670	800	950	380	690
T464	360	730	440	400	910
T465	460	260	310	380	560
T466	940	190	510	870	300
T467	360	230	460	800	650
T468	400	520	250	820	410
T469	490	460	530	740	750
T470	720	510	160	550	120
T471	310	320	220	300	870
T472	620	290	410	330	700
T473	900	590	900	260	760
T474	890	100	980	500	490
T475	260	430	730	680	210
T476	620	670	380	740	870
T477	340	310	410	310	410
T478	320	980	590	150	940
T479	310	880	340	370	290
T480	930	520	950	350	900
T481	840	650	440	310	580
T482	700	480	970	270	100
T483	210	130	550	190	750
T484	990	520	640	560	910
T485	330	180	930	680	700
T486	220	490	610	900	800
T487	590	690	790	390	760
T488	260	980	550	380	590
T489	760	170	800	480	400
T490	300	850	900	300	450
T491	110	500	560	550	770
T492	200	820	530	430	980
T493	820	850	420	210	950
T494	150	360	540	370	240
T495	810	110	430	420	340
T496	990	140	300	350	640
T497	700	950	860	510	950
T498	600	140	160	360	600
T499	510	420	930	660	490
T500	870	480	440	180	270
T501	840	190	350	140	700
T502	350	650	620	980	790
T503	430	800	140	890	550
T504	130	150	710	720	510
T505	730	420	220	320	880
T506	150	330	910	990	130
T507	990	390	130	760	950
T508	460	620	370	310	390
T509	290	980	590	300	360
T510	520	970	910	240	690
T511	260	710	940	860	570
T512	530	270	390	790	610
