	A1	A2	A3	A4	A5	A6	A7
T1	980	950	740	300	570	750	490
T2	300	300	450	190	300	310	140
T3	160	450	550	220	490	660	270
T4	620	540	480	830	940	120	800
T5	110	460	490	380	990	860	880
T6	720	350	980	660	910	530	480
T7	970	820	460	440	230	990	240
T8	700	500	740	300	620	560	700
T9	160	850	480	720	470	430	960
T10	430	360	550	950	470	790	300
T11	810	370	610	130	720	410	350
T12	770	710	410	430	300	320	250
T13	540	670	710	990	860	810	510
T14	110	490	650	290	940	800	210
T15	820	860	640	150	550	130	310
T16	270	730	750	440	960	420	840
T17	110	270	140	200	610	190	130
T18	860	890	250	440	100	550	980
T19	370	560	910	180	530	470	450
T20	520	900	390	300	700	160	320
T21	400	970	130	930	130	270	480
T22	510	230	710	800	980	440	490
T23	130	930	580	140	900	470	230
T24	370	610	430	850	750	140	580
T25	780	110	580	660	520	430	970
T26	290	300	360	740	170	960	790
T27	130	970	870	260	580	270	620
T28	860	490	600	360	420	270	270
T29	900	350	630	810	540	280	410
T30	770	390	680	330	330	700	990
T31	730	820	600	830	920	810	670
T32	540	780	990	150	840	590	690
T33	670	900	270	320	860	820	210
T34	650	760	580	730	590	480	640
T35	150	460	260	880	120	460	180
T36	150	730	730	250	770	950	600
T37	240	820	360	820	220	470	740
T38	600	470	970	150	570	370	860
T39	630	350	780	850	570	600	480
T40	290	530	410	630	770	730	500
T41	240	890	920	200	980	380	520
T42	820	880	920	860	510	650	730
T43	230	310	760	520	590	850	150
T44	180	720	760	710	230	230	500
T45	890	140	700	410	970	600	150
T46	450	270	380	500	130	710	910
T47	420	210	490	530	720	210	170
T48	990	840	400	140	680	160	680
T49	610	600	420	800	540	750	190
T50	230	880	210	860	930	830	340
T51	990	110	250	480	660	610	560
T52	310	880	890	670	730	340	510
T53	730	130	210	610	970	410	590
T54	530	390	350	640	770	180	700
T55	110	340	690	880	640	970	340
T56	580	310	140	440	500	380	390
T57	520	970	930	540	970	520	690
T58	870	360	220	910	900	880	110
T59	380	170	440	460	360	740	700
T60	570	740	980	490	350	560	950
T61	150	120	550	630	460	130	950
T62	920	150	790	280	170	740	190
T63	620	630	250	210	710	310	460
T64	600	260	560	500	700	310	120
T65	710	140	590	200	590	730	470
T66	990	900	980	730	400	470	530
T67	940	720	440	910	680	910	360
T68	280	170	860	920	930	900	190
T69	960	330	390	690	260	780	530
T70	150	720	570	110	710	750	220
T71	150	500	650	760	160	290	900
T72	950	540	150	100	550	470	740
T73	760	870	840	790	170	490	100
T74	210	840	320	370	910	740	620
T75	650	930	680	640	870	930	690
T76	910	910	160	110	100	640	810
T77	970	500	610	690	730	590	210
T78	900	640	260	300	470	350	120
T79	710	230	220	740	340	520	880
T80	330	340	840	140	540	940	550
T81	160	700	830	160	730	870	290
T82	730	420	540	880	200	220	330
T83	240	150	260	180	470	480	720
T84	140	250	780	220	910	100	410
T85	420	190	270	810	130	360	360
T86	330	560	180	410	590	200	930
T87	560	350	150	900	390	680	750
T88	500	940	790	720	830	950	840
T89	790	200	610	120	720	990	130
T90	740	960	890	270	860	960	200
T91	100	970	470	170	640	780	560
T92	820	180	830	240	670	380	740
T93	790	850	630	960	310	230	650
T94	280	510	530	400	360	910	560
T95	510	690	310	320	900	390	450
T96	610	100	850	990	100	800	120
T97	780	650	250	170	100	810	990
T98	760	590	960	240	200	360	400
T99	570	780	850	900	180	210	390
T100	430	910	260	580	150	900	460
T101	820	510	980	100	670	800	820
T102	480	820	480	860	200	600	490
T103	870	640	510	910	730	340	480
T104	590	690	850	570	500	340	530
T105	310	380	190	800	640	910	190
T106	820	130	480	400	930	340	280
T107	940	560	860	240	460	410	760
T108	150	610	780	650	610	100	710
T109	750	230	710	110	890	240	720
T110	710	530	460	840	270	550	610
T111	520	500	220	180	560	480	960
T112	890	750	650	210	220	500	380
T113	710	750	990	110	940	640	800
T114	160	320	460	470	760	170	600
T115	160	660	800	670	430	340	260
T116	380	780	110	150	500	690	250
T117	150	700	410	850	930	900	850
T118	900	350	450	180	990	890	450
T119	980	320	660	720	120	470	850
T120	670	460	830	950	800	300	310
T121	370	100	510	730	740	860	690
T122	600	770	520	640	820	840	710
T123	210	830	190	140	330	640	500
T124	270	870	340	550	840	670	880
T125	190	790	730	150	360	670	950
T126	270	930	420	710	370	640	460
T127	500	510	240	410	260	670	870
T128	240	870	930	310	880	680	650
T129	110	550	300	400	210	370	130
T130	290	450	270	310	440	810	920
T131	620	270	260	780	570	570	890
T132	580	270	620	240	400	120	260
T133	840	640	850	660	190	190	360
T134	390	650	780	950	610	500	800
T135	660	770	520	680	710	570	860
T136	710	470	950	490	130	310	320
T137	430	390	450	710	910	620	860
T138	650	960	890	630	640	690	760
T139	130	650	390	430	500	380	460
T140	440	220	710	940	720	340	880
T141	220	510	930	750	590	620	600
T142	800	300	110	200	700	400	600
T143	830	760	590	310	420	840	400
T144	380	900	940	590	860	110	420
T145	160	210	670	630	290	880	520
T146	700	900	960	340	260	240	180
T147	780	840	900	610	820	130	730
T148	500	560	880	400	790	720	600
T149	220	820	860	180	340	820	120
T150	690	950	720	760	840	500	530
T151	410	370	330	720	480	300	380
T152	950	180	710	200	370	930	790
T153	390	750	880	820	940	440	770
T154	270	190	660	550	510	320	410
T155	380	890	400	240	450	200	740
T156	790	650	180	970	790	630	590
T157	110	700	540	260	630	150	600
T158	540	830	260	450	860	140	640
T159	790	490	870	310	410	330	750
T160	100	880	790	410	990	670	310
T161	290	600	690	380	750	930	370
T162	860	340	600	350	120	110	950
T163	220	940	950	880	690	750	820
T164	200	210	120	850	940	380	960
T165	490	100	740	540	620	770	980
T166	740	460	860	960	460	500	360
T167	390	930	820	360	130	410	400
T168	400	640	230	450	310	140	170
T169	910	540	890	140	460	280	550
T170	820	130	810	730	720	160	870
T171	280	360	460	970	930	680	410
T172	920	270	410	110	310	900	880
T173	130	320	270	820	190	350	250
T174	830	800	240	850	230	670	730
T175	120	740	680	320	540	500	850
T176	290	970	270	810	280	790	730
T177	420	890	370	820	550	750	740
T178	550	420	120	550	680	890	540
T179	710	740	420	550	680	320	950
T180	370	510	360	520	830	670	210
T181	970	380	520	900	920	630	260
T182	110	220	770	880	440	710	750
T183	410	330	500	850	440	950	400
T184	130	810	240	960	200	450	230
T185	820	240	980	100	110	770	190
T186	760	410	110	560	940	950	910
T187	730	720	380	640	240	700	690
T188	720	600	310	550	420	910	400
T189	980	110	160	670	660	770	280
T190	460	310	820	320	600	340	370
T191	900	960	130	530	870	880	170
T192	340	840	330	470	910	870	660
T193	280	800	140	670	890	460	210
T194	580	880	260	780	580	660	280
T195	740	480	390	820	430	840	910
T196	860	820	500	150	500	860	360
T197	430	780	300	590	520	960	790
T198	380	100	120	620	800	360	660
T199	670	820	830	580	600	510	920
T200	470	270	910	750	790	790	810
T201	710	520	610	340	630	310	900
T202	840	430	410	940	890	990	590
T203	950	450	820	480	550	510	700
T204	270	470	390	620	630	510	490
T205	920	230	620	680	940	710	410
T206	780	870	780	710	400	660	940
T207	310	550	670	430	330	980	900
T208	890	890	340	560	260	550	930
T209	490	660	860	240	690	290	990
T210	800	290	400	780	130	350	870
T211	260	210	980	220	280	210	280
T212	300	730	740	600	610	690	870
T213	520	670	350	140	420	820	680
T214	440	180	140	690	250	180	970
T215	960	630	920	170	940	600	580
T216	810	340	240	470	510	440	570
T217	470	150	730	690	460	940	400
T218	530	140	550	160	510	310	720
T219	510	680	940	770	940	630	100
T220	340	600	920	940	150	310	180
T221	700	600	320	670	240	700	960
T222	840	350	280	480	330	880	490
T223	590	350	570	180	280	900	310
T224	550	980	840	450	180	620	620
T225	650	360	300	450	860	530	650
T226	780	860	640	190	890	870	370
T227	460	100	650	760	640	110	700
T228	600	200	760	170	800	890	760
T229	380	620	570	480	890	620	670
T230	630	890	820	970	500	760	600
T231	190	560	730	310	530	840	990
T232	830	800	540	420	670	720	870
T233	260	540	710	250	240	240	640
T234	690	540	120	850	740	320	650
T235	340	770	250	830	540	110	630
T236	590	430	640	840	730	680	750
T237	180	530	390	260	550	260	840
T238	610	450	950	530	430	560	120
T239	520	980	550	160	430	180	320
T240	770	710	210	470	940	130	150
T241	820	260	850	310	140	960	470
T242	910	710	530	310	720	770	690
T243	240	140	800	760	930	220	780
T244	870	250	400	820	730	810	330
T245	300	590	860	550	830	580	530
T246	370	810	720	770	790	990	250
T247	130	560	860	590	650	550	710
T248	400	620	670	580	690	640	720
T249	380	600	400	280	410	310	920
T250	160	910	100	630	480	300	600
T251	480	550	820	390	690	550	730
T252	110	180	460	840	650	250	970
T253	670	810	150	700	870	430	480
T254	990	700	420	950	480	330	990
T255	650	840	330	540	100	300	540
T256	240	550	620	170	130	660	240
T257	440	760	520	560	280	370	210
T258	980	570	720	970	390	550	900
T259	820	680	140	160	740	520	630
T260	810	740	730	660	500	760	590
T261	420	150	540	310	270	580	850
T262	110	760	230	870	600	660	600
T263	670	340	180	560	710	490	860
T264	100	710	940	220	860	210	560
T265	930	400	670	330	960	730	960
T266	660	810	720	990	430	350	120
T267	240	530	170	780	320	370	850
T268	820	270	540	310	480	240	900
T269	440	450	200	500	540	380	170
T270	290	430	920	250	160	580	570
T271	700	370	770	340	960	940	360
T272	370	630	950	340	980	280	530
T273	980	210	760	100	530	900	490
T274	270	570	560	610	940	210	730
T275	190	700	260	370	470	510	680
T276	460	260	190	540	640	540	200
T277	130	270	600	800	910	730	240
T278	460	100	330	820	120	720	760
T279	470	530	350	930	940	390	580
T280	590	380	940	590	430	420	620
T281	360	180	520	610	570	620	850
T282	300	210	910	990	810	440	130
T283	720	850	220	840	450	970	700
T284	480	790	100	940	640	220	870
T285	800	360	300	900	390	650	230
T286	930	920	850	760	920	930	440
T287	960	160	540	150	770	450	760
T288	100	360	520	290	980	430	490
T289	890	930	670	310	540	670	920
T290	120	280	870	600	200	410	650
T291	290	850	500	820	900	170	520
T292	200	530	830	250	100	240	530
T293	730	520	520	440	920	220	830
T294	320	430	810	930	750	320	420
T295	750	170	570	360	260	500	860
T296	560	990	520	110	650	370	550
T297	220	270	800	390	890	560	150
T298	460	720	730	560	860	830	630
T299	870	720	750	690	820	970	260
T300	640	190	110	760	460	460	680
T301	580	510	740	380	930	780	250
T302	610	240	650	140	330	760	130
T303	670	540	160	470	380	280	690
T304	400	430	410	580	930	500	870
T305	360	840	900	700	780	870	280
T306	990	780	170	810	940	360	740
T307	490	730	950	660	570	950	790
T308	730	290	760	530	500	490	260
T309	650	200	130	800	380	990	690
T310	540	440	130	640	250	630	570
T311	600	750	180	830	430	770	980
T312	580	860	910	320	620	570	560
T313	650	990	400	100	240	320	860
T314	290	910	450	240	990	870	800
T315	660	950	260	320	560	290	830
T316	560	480	570	440	220	900	730
T317	290	770	780	950	230	910	400
T318	320	640	170	890	120	720	420
T319	430	730	280	810	690	490	560
T320	570	830	310	400	480	220	790
T321	190	980	800	520	850	400	540
T322	740	480	800	200	620	590	930
T323	790	430	720	300	380	610	130
T324	880	740	580	960	110	760	990
T325	110	330	830	440	340	230	820
T326	180	340	470	840	490	640	260
T327	540	900	320	430	550	290	800
T328	380	300	940	160	900	160	770
T329	290	160	340	930	940	250	150
T330	760	430	830	620	200	340	300
T331	810	960	690	320	460	330	940
T332	840	930	660	130	160	900	920
T333	500	390	900	540	940	270	500
T334	460	970	940	860	970	710	670
T335	110	670	960	860	510	700	210
T336	920	660	240	280	590	540	700
T337	310	320	530	320	510	520	320
T338	150	430	530	360	660	440	320
T339	270	450	570	550	640	760	500
T340	560	140	560	620	570	230	890
T341	180	210	760	690	730	550	610
T342	630	480	510	230	920	640	220
T343	240	400	630	230	160	620	370
T344	560	580	700	450	400	190	110
T345	820	370	730	930	730	380	350
T346	200	250	640	510	530	790	530
T347	600	610	450	330	640	210	150
T348	650	150	620	720	650	670	580
T349	370	200	350	700	940	470	680
T350	800	240	680	640	300	900	120
T351	430	230	980	150	660	210	360
T352	540	870	350	120	760	670	180
T353	810	610	170	120	300	730	910
T354	270	610	260	620	230	580	930
T355	220	220	660	560	550	260	720
T356	620	130	520	940	510	210	730
T357	400	150	440	600	110	300	390
T358	580	310	710	730	250	350	580
T359	990	520	550	430	390	400	750
T360	560	880	500	240	850	650	750
T361	100	710	620	540	180	300	560
T362	720	720	510	120	840	840	250
T363	250	520	970	900	970	700	300
T364	230	700	240	360	190	160	130
T365	190	420	620	290	750	460	310
T366	930	310	820	290	910	990	930
T367	730	540	310	900	460	820	780
T368	980	930	270	290	870	790	450
T369	160	940	150	990	470	420	380
T370	290	650	380	640	720	700	180
T371	660	540	780	590	600	210	720
T372	280	780	990	240	550	390	940
T373	110	470	570	420	760	420	110
T374	920	420	480	910	910	420	440
T375	440	610	220	980	770	410	200
T376	320	420	450	560	850	290	720
T377	210	330	390	840	260	990	670
T378	930	790	820	120	930	510	740
T379	410	940	610	270	650	140	700
T380	900	700	500	120	960	840	320
T381	650	960	760	880	750	610	250
T382	930	830	640	690	710	570	340
T383	740	240	120	920	300	260	300
T384	950	150	970	210	890	670	290
T385	370	470	550	110	250	580	450
T386	920	500	730	840	150	670	760
T387	890	850	620	330	420	390	250
T388	230	490	470	910	760	600	760
T389	460	140	670	850	530	510	780
T390	340	950	760	220	830	640	710
T391	580	530	790	480	740	210	390
T392	680	650	800	910	520	160	540
T393	510	660	870	390	530	790	570
T394	520	730	910	640	920	350	460
T395	770	310	470	820	170	390	140
T396	900	850	790	110	490	450	450
T397	590	140	680	660	190	700	280
T398	800	570	550	590	560	910	770
T399	300	540	850	550	840	300	820
T400	540	420	360	630	750	960	530
T401	590	900	490	620	640	390	140
T402	840	880	890	440	180	320	400
T403	430	680	670	180	960	170	870
T404	920	570	470	380	590	970	640
T405	110	870	840	170	980	130	990
T406	150	730	370	850	460	970	340
T407	660	860	430	320	750	910	460
T408	410	900	210	520	870	490	190
T409	480	860	930	530	240	730	230
T410	800	500	460	960	180	260	580
T411	860	350	180	130	270	460	440
T412	350	420	790	660	160	420	630
T413	990	200	760	560	890	280	230
T414	670	850	130	220	500	910	660
T415	350	180	480	470	130	220	630
T416	850	220	300	110	760	510	470
T417	590	310	640	950	450	710	420
T418	860	400	940	480	640	850	300
T419	650	580	270	550	290	440	630
T420	260	180	540	250	470	970	650
T421	340	780	270	230	680	420	140
T422	530	250	990	450	720	250	530
T423	420	120	390	100	540	930	680
T424	110	380	840	180	440	980	220
T425	960	860	860	380	210	190	540
T426	130	380	720	950	300	490	100
T427	400	320	300	950	840	140	950
T428	110	690	160	850	640	530	810
T429	610	930	790	830	240	820	500
T430	140	250	600	620	540	290	990
T431	680	500	830	680	210	840	910
T432	150	580	470	310	640	720	200
T433	780	820	880	120	920	940	840
T434	980	710	740	810	270	420	950
T435	180	260	140	410	590	900	600
T436	900	890	500	410	310	220	430
T437	760	330	210	250	430	150	610
T438	860	470	970	590	180	790	650
T439	820	840	130	330	230	230	390
T440	750	400	930	660	730	460	750
T441	840	250	120	680	690	650	720
T442	370	600	780	350	410	150	630
T443	180	130	860	630	210	920	610
T444	420	440	610	590	760	230	640
T445	570	180	250	680	240	380	720
T446	470	860	780	480	910	600	690
T447	870	390	450	370	800	230	350
T448	620	100	730	470	210	420	820
T449	580	960	740	840	260	850	780
T450	800	730	200	430	350	270	590
T451	990	910	780	530	790	320	370
T452	640	730	920	130	670	930	230
T453	170	430	100	310	530	210	260
T454	220	270	620	220	360	100	220
T455	900	990	150	120	610	150	490
T456	190	960	110	810	110	550	320
T457	710	210	390	590	700	250	780
T458	780	770	590	230	280	730	570
T459	850	970	190	580	140	390	710
T460	190	130	580	690	390	540	130
T461	370	150	590	290	970	160	380
T462	650	990	250	290	260	450	890
T463	890	100	640	590	870	320	130
T464	500	340	720	790	740	570	920
T465	660	470	730	240	390	600	380
T466	150	220	710	650	650	230	260
T467	990	350	510	670	190	170	930
T468	670	220	700	260	710	510	380
T469	710	860	490	200	220	540	550
T470	420	340	680	320	370	320	860
T471	560	660	350	530	520	640	600
T472	590	460	660	800	400	330	250
T473	350	310	770	550	500	350	380
T474	930	950	800	130	440	460	390
T475	320	890	910	900	420	160	370
T476	880	380	400	760	510	390	430
T477	590	430	760	700	590	200	290
T478	550	620	970	990	730	270	950
T479	280	480	870	370	460	280	100
T480	410	740	890	300	240	300	450
T481	460	190	630	970	660	880	770
T482	190	400	250	560	130	740	790
T483	370	460	580	140	630	410	150
T484	470	200	880	980	810	190	470
T485	380	330	910	140	180	490	530
T486	740	550	200	190	630	110	830
T487	890	700	680	320	450	410	430
T488	560	420	380	130	660	970	390
T489	650	180	130	410	510	910	140
T490	410	660	570	250	410	940	770
T491	860	940	630	540	750	660	950
T492	730	580	280	310	580	410	420
T493	830	390	830	680	290	430	210
T494	920	170	560	400	300	150	120
T495	150	240	650	880	290	940	810
T496	810	250	900	800	570	610	450
T497	870	380	570	450	320	440	800
T498	450	150	170	110	340	640	610
T499	940	430	520	480	590	160	320
T500	450	950	860	110	310	160	540
T501	880	240	920	840	710	350	430
T502	800	560	400	590	740	470	160
T503	340	780	370	820	160	290	400
T504	140	760	780	750	570	320	570
T505	490	620	700	870	750	100	270
T506	960	550	160	140	800	420	300
T507	250	520	730	450	460	450	690
T508	700	490	880	370	970	930	280
T509	170	370	170	440	740	750	240
T510	560	100	590	470	910	420	650
T511	710	270	160	590	450	220	950
T512	260	920	440	550	910	250	990
