	A1	A2	A3	A4	A5	A6	A7	A8	A9	A10	A11	A12
T1	310	480	730	160	230	980	700	530	920	440	130	950
T2	530	830	890	630	770	450	650	130	440	680	810	460
T3	700	330	160	120	890	910	900	260	810	350	640	420
T4	650	280	550	510	280	120	230	390	630	630	990	590
T5	940	380	610	780	960	860	830	740	120	460	930	730
T6	390	170	910	270	100	840	630	220	300	660	140	340
T7	380	990	580	750	910	680	270	280	670	720	530	670
T8	270	700	660	850	970	320	460	980	460	340	560	990
T9	110	560	430	980	390	560	320	450	450	110	550	890
T10	200	930	210	300	900	100	590	610	620	580	120	960
T11	730	310	300	520	110	370	870	800	940	360	280	380
T12	400	740	410	320	540	330	810	580	110	840	250	270
T13	540	700	470	620	340	500	680	830	930	110	180	560
T14	780	170	990	780	460	300	950	290	150	780	150	920
T15	650	690	510	610	540	370	520	840	800	730	720	290
T16	570	530	960	680	440	380	430	840	760	600	930	130
T17	830	870	190	750	390	230	280	940	480	610	480	950
T18	270	690	580	410	310	270	830	860	170	170	560	730
T19	140	790	490	570	660	950	340	220	570	990	860	530
T20	820	500	710	100	660	890	760	110	640	330	790	520
T21	560	270	880	910	670	700	710	920	220	420	690	990
T22	160	110	140	200	830	110	670	300	110	580	690	300
T23	840	840	770	550	760	860	160	280	830	560	860	230
T24	290	620	690	950	330	920	600	710	320	410	670	430
T25	110	980	590	670	860	280	640	900	230	780	310	670
T26	690	690	910	400	630	700	440	690	440	200	980	460
T27	690	810	900	450	110	510	490	730	570	280	670	570
T28	630	780	100	460	260	280	240	550	550	220	820	730
T29	190	830	400	490	370	150	510	360	110	620	210	580
T30	860	110	370	840	630	460	340	160	610	690	870	970
T31	670	430	470	190	800	850	560	650	820	780	210	520
T32	760	830	800	170	560	600	940	810	140	730	660	300
T33	680	660	330	110	470	280	560	690	530	580	500	740
T34	190	690	960	940	270	620	120	540	180	190	290	360
T35	310	510	840	210	860	320	400	620	220	110	240	650
T36	410	530	650	120	860	780	850	760	530	330	900	740
T37	840	620	680	150	720	450	890	260	760	530	640	210
T38	180	210	390	680	670	830	640	460	860	550	420	490
T39	380	390	870	930	880	970	220	720	730	820	510	250
T40	540	470	190	580	950	810	390	150	870	210	850	200
T41	740	520	380	460	490	930	840	280	210	320	520	610
T42	430	400	650	140	420	850	620	440	460	520	580	370
T43	600	360	410	520	750	630	360	700	790	630	320	550
T44	500	260	390	660	100	730	320	700	470	110	800	470
T45	110	270	270	320	360	890	450	900	780	950	330	490
T46	340	180	780	280	960	110	970	130	940	880	920	240
T47	970	880	970	990	500	900	600	500	310	170	820	780
T48	120	280	910	580	120	280	920	710	320	270	430	230
T49	930	560	100	700	690	820	520	460	440	110	390	530
T50	680	750	630	110	400	560	130	820	470	670	260	860
T51	690	320	660	640	530	730	570	140	540	120	510	390
T52	780	940	870	170	680	570	350	380	110	180	650	740
T53	230	830	480	740	240	140	370	470	580	870	360	610
T54	860	550	830	660	800	620	420	340	180	400	930	160
T55	460	990	760	330	900	710	460	500	440	740	490	120
T56	640	600	690	940	790	870	130	440	540	280	710	470
T57	980	220	870	420	900	700	560	880	500	850	580	870
T58	700	270	400	670	600	380	590	280	340	800	960	130
T59	820	600	840	940	670	240	240	590	930	710	390	790
T60	480	110	120	740	350	540	540	190	140	690	620	330
T61	100	820	550	400	980	890	480	850	380	760	970	930
T62	100	320	970	370	870	670	610	620	140	920	350	270
T63	670	330	290	970	530	290	200	960	130	500	740	270
T64	900	540	730	130	260	290	940	710	470	920	300	180
T65	320	560	150	230	350	340	650	450	790	670	360	980
T66	120	660	470	180	480	940	720	810	730	380	410	480
T67	660	950	890	400	550	310	980	350	350	650	190	810
T68	860	970	380	360	480	570	130	520	350	210	170	480
T69	460	160	690	320	980	660	210	850	620	310	930	120
T70	110	340	300	940	910	950	620	280	540	260	230	840
T71	680	840	210	940	320	400	440	790	910	790	200	860
T72	790	930	980	410	290	560	480	770	850	250	660	320
T73	470	650	290	330	220	980	640	960	420	220	720	620
T74	730	270	160	200	460	750	310	570	860	850	160	150
T75	580	740	580	420	560	270	940	110	500	150	250	520
T76	890	210	690	380	300	720	860	110	290	910	310	720
T77	430	720	580	750	880	190	590	860	840	310	920	370
T78	280	170	840	860	950	480	400	460	670	500	920	690
T79	460	470	140	730	520	360	740	770	650	440	360	780
T80	570	810	280	910	270	420	600	360	190	990	750	210
T81	860	710	550	830	590	750	260	100	700	310	870	990
T82	380	860	680	630	760	310	970	800	980	960	580	580
T83	460	890	900	160	720	850	400	970	650	330	690	420
T84	370	450	740	660	830	680	840	680	480	220	770	730
T85	820	820	760	120	100	850	620	880	140	820	310	880
T86	170	390	760	890	920	570	890	510	810	500	180	550
T87	450	920	470	500	230	830	690	500	150	220	840	680
T88	430	240	670	230	820	760	600	870	740	530	110	540
T89	890	860	410	490	290	510	810	130	750	830	450	680
T90	750	750	590	140	420	370	750	450	480	250	470	280
T91	300	790	650	890	200	390	590	540	330	390	990	220
T92	210	450	690	950	700	840	770	350	130	350	520	430
T93	500	900	770	650	920	830	920	280	930	590	360	650
T94	530	930	150	900	180	940	570	350	610	810	210	710
T95	590	440	870	250	740	420	570	240	700	810	700	150
T96	470	130	240	360	310	180	290	330	270	660	500	560
T97	580	860	610	440	560	680	990	600	380	470	700	260
T98	200	370	510	600	750	740	820	780	390	150	680	410
T99	170	920	890	780	880	430	150	190	900	770	350	860
T100	440	740	370	360	610	550	180	140	500	620	290	750
T101	370	960	500	200	230	620	910	250	170	280	660	170
T102	120	360	770	340	940	450	350	150	330	450	460	900
T103	220	890	470	110	660	820	660	170	530	100	300	110
T104	710	460	510	770	950	370	270	570	820	490	900	290
T105	490	340	310	630	860	800	900	440	870	780	880	570
T106	370	880	490	270	290	370	930	320	320	690	300	310
T107	510	810	180	770	550	590	350	270	920	500	550	500
T108	500	330	580	400	580	310	740	810	790	260	160	480
T109	820	430	170	240	850	190	490	670	400	570	100	990
T110	220	990	150	440	610	320	630	380	360	480	630	760
T111	230	790	930	170	910	570	190	160	350	560	940	410
T112	580	760	890	170	160	420	210	810	650	470	530	100
T113	650	470	260	140	960	100	520	520	480	730	750	940
T114	550	420	880	350	870	280	430	460	710	250	210	940
T115	130	760	920	340	690	640	330	800	270	410	280	160
T116	660	140	440	490	320	540	550	980	370	940	920	960
T117	450	690	370	800	870	640	170	530	500	530	910	950
T118	560	250	970	200	370	360	430	270	950	650	150	970
T119	540	560	820	860	200	650	650	680	270	660	710	820
T120	660	440	460	230	400	260	230	150	770	380	390	920
T121	110	190	910	810	650	340	450	980	530	450	960	250
T122	570	960	780	300	340	170	860	670	780	640	870	950
T123	460	660	670	870	760	680	800	890	930	990	920	420
T124	420	110	560	520	710	720	910	460	430	160	100	990
T125	630	190	600	600	880	470	190	320	420	870	380	980
T126	890	690	540	570	460	710	160	560	420	960	600	150
T127	860	190	840	360	470	190	150	440	890	310	560	210
T128	480	260	560	650	780	680	470	890	580	640	230	990
